%%% Global Ocean Heat Content estimate from 1940 to present (v4.2, Monthly)
%%% IAPv4 OHC estimate (EnOI-DE/CMIP5 method, firstly Published in Journal of Climate, improved in our Science Advances paper; updated in 2024 for version-4.2)
%%% Cheng, L., Pan, Y., Tan, Z., Zheng, H., Zhu, Y., Wei, W., Du, J., Yuan, H., Li, G., Ye, H., Gouretski, V., Li, Y., Trenberth, K. E., Abraham, J., Jin, Y., Reseghetti, F., Lin, X., Zhang, B., Chen, G., Mann, M. E., and Zhu, J. 2024: IAPv4 ocean temperature and ocean heat content gridded dataset, Earth Syst. Sci. Data, 16, 3517–3546, https://doi.org/10.5194/essd-16-3517-2024.
%%% Cheng L. and J. Zhu, 2016, Benefits of CMIP5 multimodel ensemble in reconstructing historical ocean subsurface temperature variation, Journal of Climate. 29(15),5393-5416,doi:10.1175/JCLI-D-15-0730.1
%%% Cheng L. *, K. Trenberth, J. Fasullo, T. Boyer, J. Abraham, J. Zhu, 2017: Improved estimates of ocean heat content from 1960 to 2015, Science Advances, 3, e1601545. 

%%% Update date: Jan. 2026 by L.Cheng
%%% unit of OHC:  *10^22 Joules
%%% Smoothed-OHC is 12-month running mean.
%%% Baseline: 2006-2015
%%% Note: Reliable records are after 1955

%%% Link to Ocean Gridded Temperature Analysis: 
%%% http://www.ocean.iap.ac.cn/ftp/cheng/IAPv4.2_IAP_Temperature_gridded_1month_netcdf/ 
%%% http://www.ocean.iap.ac.cn/

[year] [month] [OHC0-700m] [Smoothed OHC0-700m] [Error, 95% CI is OHC+/-Error] [OHC700-2000m] [Smoothed OHC700-2000m] [Error, 95% CI is OHC+/-Error] [OHC0-2000m] [Smoothed OHC0-2000m] [Error, 95% CI is OHC+/-Error] [OHC2000-6000m] [Smoothed OHC2000-6000m] [Error, 95% CI is OHC+/-Error] 
1940	1	-24.04	 NaN	10.52	-10.09	 NaN	9.48	-34.13	 NaN	16.28	 NaN	 NaN	 NaN
1940	2	-23.65	 NaN	10.17	-10.11	 NaN	9.44	-33.76	 NaN	16.02	 NaN	 NaN	 NaN
1940	3	-24.10	 NaN	10.02	-10.21	 NaN	9.35	-34.31	 NaN	15.82	 NaN	 NaN	 NaN
1940	4	-23.84	 NaN	9.92	-10.31	 NaN	9.27	-34.15	 NaN	15.63	 NaN	 NaN	 NaN
1940	5	-24.06	 NaN	10.08	-10.36	 NaN	9.20	-34.42	 NaN	15.71	 NaN	 NaN	 NaN
1940	6	-24.93	 NaN	10.10	-10.33	 NaN	9.12	-35.26	 NaN	15.67	 NaN	 NaN	 NaN
1940	7	-25.13	-24.58	10.11	-10.24	-10.33	9.12	-35.37	-34.91	15.70	 NaN	 NaN	 NaN
1940	8	-25.33	-24.74	10.15	-10.32	-10.35	9.09	-35.65	-35.09	15.72	 NaN	 NaN	 NaN
1940	9	-24.24	-24.89	10.05	-10.38	-10.38	9.08	-34.63	-35.27	15.63	 NaN	 NaN	 NaN
1940	10	-24.03	-25.08	10.04	-10.41	-10.40	9.08	-34.45	-35.49	15.64	 NaN	 NaN	 NaN
1940	11	-24.77	-25.30	10.11	-10.42	-10.43	9.12	-35.19	-35.73	15.83	 NaN	 NaN	 NaN
1940	12	-25.97	-25.45	10.09	-10.64	-10.45	9.10	-36.61	-35.90	15.78	 NaN	 NaN	 NaN
1941	1	-25.89	-25.51	9.69	-10.34	-10.47	8.97	-36.22	-35.98	15.18	 NaN	 NaN	 NaN
1941	2	-25.56	-25.47	9.75	-10.42	-10.49	8.93	-35.98	-35.96	15.14	 NaN	 NaN	 NaN
1941	3	-25.76	-25.42	9.51	-10.53	-10.50	8.86	-36.29	-35.92	14.83	 NaN	 NaN	 NaN
1941	4	-26.80	-25.37	9.43	-10.60	-10.51	8.80	-37.40	-35.88	14.64	 NaN	 NaN	 NaN
1941	5	-26.34	-25.28	9.32	-10.64	-10.52	8.78	-36.98	-35.80	14.47	 NaN	 NaN	 NaN
1941	6	-26.24	-25.15	9.19	-10.58	-10.52	8.77	-36.82	-35.67	14.26	 NaN	 NaN	 NaN
1941	7	-25.21	-24.99	9.07	-10.50	-10.51	8.83	-35.71	-35.49	14.22	 NaN	 NaN	 NaN
1941	8	-24.36	-24.83	8.98	-10.54	-10.48	8.88	-34.90	-35.31	14.26	 NaN	 NaN	 NaN
1941	9	-23.86	-24.66	8.93	-10.49	-10.45	8.95	-34.35	-35.11	14.36	 NaN	 NaN	 NaN
1941	10	-23.40	-24.37	8.92	-10.46	-10.41	9.00	-33.86	-34.78	14.36	 NaN	 NaN	 NaN
1941	11	-23.27	-23.98	9.01	-10.52	-10.37	9.03	-33.79	-34.36	14.43	 NaN	 NaN	 NaN
1941	12	-24.22	-23.62	9.07	-10.55	-10.34	9.07	-34.77	-33.96	14.48	 NaN	 NaN	 NaN
1942	1	-23.74	-23.29	8.82	-10.12	-10.30	8.94	-33.87	-33.59	14.19	 NaN	 NaN	 NaN
1942	2	-23.89	-23.04	8.95	-10.06	-10.26	8.95	-33.95	-33.29	14.28	 NaN	 NaN	 NaN
1942	3	-23.46	-22.85	9.10	-10.07	-10.21	8.98	-33.53	-33.05	14.39	 NaN	 NaN	 NaN
1942	4	-22.00	-22.71	9.15	-10.16	-10.15	9.02	-32.15	-32.86	14.46	 NaN	 NaN	 NaN
1942	5	-21.93	-22.62	9.21	-10.21	-10.09	9.07	-32.14	-32.71	14.61	 NaN	 NaN	 NaN
1942	6	-21.91	-22.55	9.28	-10.14	-10.03	9.08	-32.05	-32.57	14.69	 NaN	 NaN	 NaN
1942	7	-21.79	-22.46	9.37	-10.03	-9.97	9.12	-31.82	-32.44	14.83	 NaN	 NaN	 NaN
1942	8	-21.58	-22.39	9.51	-9.97	-9.92	9.09	-31.55	-32.31	14.93	 NaN	 NaN	 NaN
1942	9	-22.09	-22.30	9.60	-9.89	-9.87	9.14	-31.98	-32.17	15.07	 NaN	 NaN	 NaN
1942	10	-21.81	-22.24	9.79	-9.75	-9.82	9.20	-31.55	-32.06	15.29	 NaN	 NaN	 NaN
1942	11	-22.76	-22.19	9.98	-9.72	-9.76	9.27	-32.48	-31.95	15.54	 NaN	 NaN	 NaN
1942	12	-22.98	-22.15	9.92	-9.88	-9.70	9.52	-32.86	-31.85	15.76	 NaN	 NaN	 NaN
1943	1	-23.00	-22.10	9.53	-9.48	-9.66	9.42	-32.48	-31.76	15.35	 NaN	 NaN	 NaN
1943	2	-22.75	-22.04	9.49	-9.50	-9.63	9.46	-32.25	-31.67	15.37	 NaN	 NaN	 NaN
1943	3	-22.45	-21.99	9.48	-9.41	-9.61	9.54	-31.85	-31.60	15.46	 NaN	 NaN	 NaN
1943	4	-21.68	-21.91	9.58	-9.48	-9.61	9.57	-31.16	-31.52	15.65	 NaN	 NaN	 NaN
1943	5	-21.10	-21.76	9.65	-9.53	-9.61	9.57	-30.63	-31.37	15.75	 NaN	 NaN	 NaN
1943	6	-21.58	-21.58	9.69	-9.52	-9.61	9.56	-31.10	-31.19	15.74	 NaN	 NaN	 NaN
1943	7	-20.96	-21.41	9.69	-9.61	-9.60	9.61	-30.57	-31.01	15.78	 NaN	 NaN	 NaN
1943	8	-20.98	-21.29	9.68	-9.67	-9.57	9.63	-30.64	-30.86	15.82	 NaN	 NaN	 NaN
1943	9	-21.57	-21.23	9.63	-9.74	-9.55	9.63	-31.31	-30.78	15.80	 NaN	 NaN	 NaN
1943	10	-20.35	-21.19	9.64	-9.77	-9.55	9.68	-30.12	-30.74	15.81	 NaN	 NaN	 NaN
1943	11	-20.64	-21.18	9.65	-9.75	-9.56	9.68	-30.39	-30.74	15.82	 NaN	 NaN	 NaN
1943	12	-20.81	-21.17	9.61	-9.90	-9.56	9.74	-30.71	-30.74	15.88	 NaN	 NaN	 NaN
1944	1	-21.01	-21.20	9.34	-9.20	-9.57	9.63	-30.21	-30.76	15.53	 NaN	 NaN	 NaN
1944	2	-21.97	-21.23	9.38	-9.14	-9.57	9.64	-31.11	-30.80	15.56	 NaN	 NaN	 NaN
1944	3	-21.80	-21.26	9.36	-9.22	-9.58	9.66	-31.02	-30.84	15.52	 NaN	 NaN	 NaN
1944	4	-21.45	-21.34	9.28	-9.60	-9.60	9.69	-31.05	-30.94	15.49	 NaN	 NaN	 NaN
1944	5	-20.96	-21.51	9.25	-9.60	-9.62	9.70	-30.56	-31.13	15.46	 NaN	 NaN	 NaN
1944	6	-21.61	-21.68	9.27	-9.61	-9.65	9.70	-31.22	-31.33	15.48	 NaN	 NaN	 NaN
1944	7	-21.49	-21.77	9.29	-9.60	-9.68	9.73	-31.09	-31.46	15.56	 NaN	 NaN	 NaN
1944	8	-21.19	-21.77	9.37	-9.70	-9.73	9.77	-30.89	-31.50	15.68	 NaN	 NaN	 NaN
1944	9	-22.01	-21.72	9.37	-10.00	-9.77	9.82	-32.00	-31.49	15.76	 NaN	 NaN	 NaN
1944	10	-22.03	-21.70	9.41	-10.00	-9.80	9.83	-32.02	-31.50	15.78	 NaN	 NaN	 NaN
1944	11	-22.93	-21.72	9.53	-10.09	-9.83	9.82	-33.03	-31.55	15.84	 NaN	 NaN	 NaN
1944	12	-22.52	-21.74	9.73	-10.21	-9.88	9.83	-32.73	-31.61	16.03	 NaN	 NaN	 NaN
1945	1	-21.59	-21.72	9.65	-9.70	-9.93	9.69	-31.29	-31.64	15.83	 NaN	 NaN	 NaN
1945	2	-21.34	-21.68	9.65	-9.69	-9.97	9.69	-31.03	-31.65	15.81	 NaN	 NaN	 NaN
1945	3	-21.14	-21.65	9.73	-9.73	-10.00	9.68	-30.87	-31.65	15.92	 NaN	 NaN	 NaN
1945	4	-21.68	-21.60	9.78	-9.77	-10.02	9.70	-31.45	-31.62	15.98	 NaN	 NaN	 NaN
1945	5	-21.27	-21.46	9.76	-10.19	-10.02	9.62	-31.46	-31.49	15.87	 NaN	 NaN	 NaN
1945	6	-21.65	-21.33	9.71	-10.16	-10.02	9.47	-31.82	-31.34	15.71	 NaN	 NaN	 NaN
1945	7	-20.97	-21.27	9.82	-10.19	-10.02	9.43	-31.15	-31.29	15.74	 NaN	 NaN	 NaN
1945	8	-20.83	-21.31	9.84	-10.22	-10.01	9.41	-31.05	-31.32	15.72	 NaN	 NaN	 NaN
1945	9	-21.74	-21.43	10.00	-10.16	-9.97	9.43	-31.90	-31.40	15.81	 NaN	 NaN	 NaN
1945	10	-20.99	-21.54	9.87	-10.21	-9.93	9.42	-31.19	-31.47	15.68	 NaN	 NaN	 NaN
1945	11	-20.74	-21.55	9.79	-9.99	-9.85	9.37	-30.73	-31.40	15.55	 NaN	 NaN	 NaN
1945	12	-21.45	-21.44	9.91	-10.18	-9.76	9.29	-31.63	-31.20	15.52	 NaN	 NaN	 NaN
1946	1	-21.33	-21.36	9.72	-9.76	-9.65	9.11	-31.09	-31.00	15.18	 NaN	 NaN	 NaN
1946	2	-22.63	-21.29	9.41	-9.36	-9.53	9.04	-31.99	-30.82	14.82	 NaN	 NaN	 NaN
1946	3	-22.49	-21.17	9.54	-9.20	-9.42	8.94	-31.69	-30.59	14.83	 NaN	 NaN	 NaN
1946	4	-23.15	-21.00	9.44	-9.21	-9.30	8.89	-32.37	-30.31	14.69	 NaN	 NaN	 NaN
1946	5	-19.97	-20.89	9.15	-9.05	-9.19	8.83	-29.02	-30.08	14.64	 NaN	 NaN	 NaN
1946	6	-20.41	-20.76	8.98	-8.92	-9.11	8.79	-29.33	-29.87	14.55	 NaN	 NaN	 NaN
1946	7	-20.08	-20.52	8.69	-8.80	-9.03	8.74	-28.88	-29.55	14.29	 NaN	 NaN	 NaN
1946	8	-20.19	-20.19	8.66	-8.84	-8.98	8.68	-29.03	-29.18	14.27	 NaN	 NaN	 NaN
1946	9	-19.43	-19.86	8.61	-8.88	-8.96	8.64	-28.31	-28.82	14.20	 NaN	 NaN	 NaN
1946	10	-19.34	-19.52	8.45	-8.74	-8.94	8.61	-28.08	-28.46	14.05	 NaN	 NaN	 NaN
1946	11	-19.64	-19.27	8.41	-8.80	-8.92	8.56	-28.44	-28.20	14.01	 NaN	 NaN	 NaN
1946	12	-19.41	-19.17	8.28	-9.27	-8.91	8.51	-28.68	-28.08	13.86	 NaN	 NaN	 NaN
1947	1	-17.67	-19.08	8.03	-8.91	-8.90	8.37	-26.57	-27.98	13.41	 NaN	 NaN	 NaN
1947	2	-18.44	-19.01	8.06	-8.99	-8.90	8.34	-27.43	-27.91	13.34	 NaN	 NaN	 NaN
1947	3	-18.79	-18.98	8.06	-8.95	-8.90	8.29	-27.73	-27.88	13.29	 NaN	 NaN	 NaN
1947	4	-18.61	-18.96	7.96	-9.01	-8.90	8.23	-27.62	-27.87	13.16	 NaN	 NaN	 NaN
1947	5	-18.57	-18.93	7.80	-8.90	-8.92	8.21	-27.47	-27.85	13.01	 NaN	 NaN	 NaN
1947	6	-19.31	-18.93	7.86	-8.80	-8.92	8.21	-28.10	-27.85	13.08	 NaN	 NaN	 NaN
1947	7	-18.95	-19.02	7.82	-8.71	-8.91	8.15	-27.66	-27.93	13.00	 NaN	 NaN	 NaN
1947	8	-19.80	-19.15	7.95	-8.84	-8.89	8.14	-28.64	-28.04	13.11	 NaN	 NaN	 NaN
1947	9	-19.09	-19.29	8.08	-8.84	-8.87	8.15	-27.93	-28.16	13.23	 NaN	 NaN	 NaN
1947	10	-19.24	-19.47	8.10	-8.89	-8.84	8.13	-28.13	-28.32	13.18	 NaN	 NaN	 NaN
1947	11	-18.95	-19.73	8.21	-9.01	-8.83	8.02	-27.96	-28.55	13.16	 NaN	 NaN	 NaN
1947	12	-19.97	-20.02	8.27	-9.12	-8.82	7.96	-29.09	-28.83	13.16	 NaN	 NaN	 NaN
1948	1	-19.45	-20.33	8.01	-8.81	-8.82	7.82	-28.26	-29.15	12.81	 NaN	 NaN	 NaN
1948	2	-19.77	-20.69	8.02	-8.67	-8.81	7.82	-28.43	-29.50	12.84	 NaN	 NaN	 NaN
1948	3	-20.73	-21.08	8.03	-8.68	-8.80	7.80	-29.41	-29.87	12.84	 NaN	 NaN	 NaN
1948	4	-21.12	-21.48	8.05	-8.74	-8.78	7.73	-29.86	-30.26	12.87	 NaN	 NaN	 NaN
1948	5	-22.17	-21.86	8.10	-8.73	-8.76	7.65	-30.90	-30.62	12.91	 NaN	 NaN	 NaN
1948	6	-22.59	-22.18	8.13	-8.79	-8.74	7.64	-31.38	-30.92	12.94	 NaN	 NaN	 NaN
1948	7	-23.20	-22.44	8.08	-8.74	-8.71	7.63	-31.93	-31.15	12.89	 NaN	 NaN	 NaN
1948	8	-24.10	-22.69	8.03	-8.64	-8.69	7.61	-32.74	-31.38	12.79	 NaN	 NaN	 NaN
1948	9	-24.12	-22.91	8.01	-8.67	-8.68	7.62	-32.79	-31.60	12.74	 NaN	 NaN	 NaN
1948	10	-23.85	-23.06	7.99	-8.69	-8.69	7.57	-32.54	-31.75	12.61	 NaN	 NaN	 NaN
1948	11	-23.48	-23.10	7.94	-8.77	-8.70	7.52	-32.25	-31.80	12.56	 NaN	 NaN	 NaN
1948	12	-23.11	-23.05	7.95	-8.79	-8.71	7.50	-31.90	-31.76	12.57	 NaN	 NaN	 NaN
1949	1	-22.57	-22.96	7.78	-8.40	-8.72	7.35	-30.97	-31.67	12.28	 NaN	 NaN	 NaN
1949	2	-22.82	-22.79	7.93	-8.51	-8.73	7.27	-31.33	-31.52	12.40	 NaN	 NaN	 NaN
1949	3	-22.94	-22.61	8.00	-8.74	-8.74	7.22	-31.69	-31.35	12.36	 NaN	 NaN	 NaN
1949	4	-22.40	-22.48	8.09	-8.86	-8.75	7.14	-31.26	-31.23	12.32	 NaN	 NaN	 NaN
1949	5	-21.80	-22.38	8.09	-8.83	-8.76	7.07	-30.63	-31.14	12.29	 NaN	 NaN	 NaN
1949	6	-21.91	-22.25	8.05	-8.91	-8.78	7.03	-30.83	-31.03	12.20	 NaN	 NaN	 NaN
1949	7	-21.53	-22.11	7.92	-8.80	-8.82	6.96	-30.33	-30.93	12.07	 NaN	 NaN	 NaN
1949	8	-21.69	-21.98	7.80	-8.89	-8.86	6.97	-30.58	-30.84	11.98	 NaN	 NaN	 NaN
1949	9	-22.23	-21.85	7.59	-8.72	-8.90	6.91	-30.95	-30.75	11.78	 NaN	 NaN	 NaN
1949	10	-22.80	-21.80	7.45	-8.80	-8.93	6.82	-31.60	-30.72	11.59	 NaN	 NaN	 NaN
1949	11	-22.07	-21.89	7.41	-8.90	-8.96	6.79	-30.97	-30.85	11.49	 NaN	 NaN	 NaN
1949	12	-21.46	-22.03	7.32	-9.18	-8.99	6.79	-30.64	-31.01	11.44	 NaN	 NaN	 NaN
1950	1	-20.86	-22.14	7.12	-8.87	-9.01	6.68	-29.73	-31.15	11.22	 NaN	 NaN	 NaN
1950	2	-21.38	-22.23	7.10	-9.03	-9.04	6.65	-30.41	-31.27	11.23	 NaN	 NaN	 NaN
1950	3	-21.25	-22.26	6.85	-9.14	-9.08	6.64	-30.39	-31.34	11.04	 NaN	 NaN	 NaN
1950	4	-22.73	-22.24	6.83	-9.17	-9.13	6.62	-31.90	-31.36	11.02	 NaN	 NaN	 NaN
1950	5	-23.76	-22.23	6.87	-9.28	-9.17	6.59	-33.04	-31.40	11.06	 NaN	 NaN	 NaN
1950	6	-23.22	-22.26	6.89	-9.20	-9.20	6.58	-32.42	-31.46	11.09	 NaN	 NaN	 NaN
1950	7	-22.89	-22.27	6.93	-9.12	-9.22	6.56	-32.01	-31.49	11.12	 NaN	 NaN	 NaN
1950	8	-22.52	-22.18	6.89	-9.21	-9.23	6.53	-31.73	-31.41	11.08	 NaN	 NaN	 NaN
1950	9	-22.11	-21.99	6.82	-9.32	-9.24	6.49	-31.43	-31.22	11.01	 NaN	 NaN	 NaN
1950	10	-22.37	-21.69	6.66	-9.40	-9.24	6.46	-31.77	-30.93	10.86	 NaN	 NaN	 NaN
1950	11	-22.30	-21.27	6.50	-9.44	-9.23	6.42	-31.74	-30.50	10.70	 NaN	 NaN	 NaN
1950	12	-21.90	-20.82	6.46	-9.36	-9.22	6.40	-31.26	-30.04	10.61	 NaN	 NaN	 NaN
1951	1	-20.78	-20.41	6.18	-9.06	-9.20	6.32	-29.84	-29.61	10.32	 NaN	 NaN	 NaN
1951	2	-19.31	-19.99	6.09	-9.11	-9.20	6.30	-28.41	-29.19	10.24	 NaN	 NaN	 NaN
1951	3	-18.67	-19.57	6.26	-9.20	-9.19	6.27	-27.86	-28.76	10.34	 NaN	 NaN	 NaN
1951	4	-18.20	-19.16	6.41	-9.16	-9.18	6.25	-27.35	-28.33	10.39	 NaN	 NaN	 NaN
1951	5	-18.07	-18.74	6.34	-9.11	-9.16	6.26	-27.19	-27.90	10.34	 NaN	 NaN	 NaN
1951	6	-18.23	-18.40	6.33	-9.02	-9.15	6.29	-27.25	-27.55	10.39	 NaN	 NaN	 NaN
1951	7	-18.02	-18.12	6.37	-9.02	-9.13	6.32	-27.05	-27.25	10.41	 NaN	 NaN	 NaN
1951	8	-17.25	-17.94	6.35	-9.20	-9.10	6.34	-26.45	-27.04	10.43	 NaN	 NaN	 NaN
1951	9	-17.39	-17.90	6.22	-9.13	-9.06	6.34	-26.53	-26.96	10.32	 NaN	 NaN	 NaN
1951	10	-17.12	-17.97	6.12	-9.23	-9.04	6.33	-26.35	-27.01	10.24	 NaN	 NaN	 NaN
1951	11	-17.62	-18.12	6.01	-9.25	-9.04	6.35	-26.88	-27.15	10.18	 NaN	 NaN	 NaN
1951	12	-18.39	-18.27	6.01	-9.17	-9.03	6.34	-27.55	-27.30	10.14	 NaN	 NaN	 NaN
1952	1	-17.61	-18.44	6.04	-8.76	-9.00	6.25	-26.37	-27.44	10.01	 NaN	 NaN	 NaN
1952	2	-18.20	-18.67	6.17	-8.69	-8.96	6.28	-26.90	-27.64	10.13	 NaN	 NaN	 NaN
1952	3	-18.70	-18.95	6.24	-8.82	-8.93	6.31	-27.53	-27.88	10.20	 NaN	 NaN	 NaN
1952	4	-19.73	-19.25	6.29	-9.02	-8.91	6.35	-28.76	-28.16	10.33	 NaN	 NaN	 NaN
1952	5	-20.15	-19.54	6.25	-9.12	-8.90	6.37	-29.27	-28.44	10.36	 NaN	 NaN	 NaN
1952	6	-19.98	-19.77	6.30	-8.80	-8.90	6.39	-28.78	-28.68	10.39	 NaN	 NaN	 NaN
1952	7	-20.32	-19.97	6.39	-8.59	-8.91	6.43	-28.91	-28.88	10.49	 NaN	 NaN	 NaN
1952	8	-20.47	-20.15	6.53	-8.74	-8.91	6.48	-29.22	-29.06	10.70	 NaN	 NaN	 NaN
1952	9	-20.80	-20.26	6.65	-8.83	-8.89	6.49	-29.63	-29.15	10.81	 NaN	 NaN	 NaN
1952	10	-20.89	-20.29	6.64	-9.06	-8.84	6.52	-29.95	-29.13	10.83	 NaN	 NaN	 NaN
1952	11	-20.86	-20.27	6.68	-9.20	-8.78	6.54	-30.06	-29.04	10.84	 NaN	 NaN	 NaN
1952	12	-20.76	-20.22	6.59	-9.19	-8.72	6.55	-29.95	-28.94	10.72	 NaN	 NaN	 NaN
1953	1	-19.95	-20.17	6.54	-8.85	-8.68	6.49	-28.81	-28.85	10.62	 NaN	 NaN	 NaN
1953	2	-20.15	-20.08	6.61	-8.66	-8.64	6.51	-28.80	-28.72	10.70	 NaN	 NaN	 NaN
1953	3	-19.35	-19.94	6.53	-8.37	-8.59	6.55	-27.72	-28.53	10.69	 NaN	 NaN	 NaN
1953	4	-19.93	-19.80	6.58	-8.34	-8.53	6.58	-28.27	-28.33	10.70	 NaN	 NaN	 NaN
1953	5	-19.31	-19.65	6.70	-8.31	-8.47	6.59	-27.62	-28.12	10.85	 NaN	 NaN	 NaN
1953	6	-19.62	-19.49	6.82	-8.23	-8.41	6.61	-27.85	-27.89	11.00	 NaN	 NaN	 NaN
1953	7	-19.63	-19.34	6.91	-8.17	-8.37	6.61	-27.80	-27.70	11.08	 NaN	 NaN	 NaN
1953	8	-18.89	-19.21	6.93	-8.12	-8.33	6.61	-27.02	-27.54	11.09	 NaN	 NaN	 NaN
1953	9	-19.17	-19.13	7.00	-8.22	-8.30	6.64	-27.39	-27.43	11.21	 NaN	 NaN	 NaN
1953	10	-19.17	-19.06	7.01	-8.31	-8.28	6.67	-27.48	-27.33	11.27	 NaN	 NaN	 NaN
1953	11	-18.98	-18.95	7.05	-8.41	-8.25	6.69	-27.39	-27.20	11.33	 NaN	 NaN	 NaN
1953	12	-18.58	-18.81	7.08	-8.64	-8.23	6.74	-27.22	-27.04	11.37	 NaN	 NaN	 NaN
1954	1	-18.63	-18.62	6.80	-8.33	-8.23	6.63	-26.97	-26.85	10.98	 NaN	 NaN	 NaN
1954	2	-18.45	-18.45	6.72	-8.26	-8.24	6.60	-26.71	-26.69	10.86	 NaN	 NaN	 NaN
1954	3	-19.03	-18.29	6.69	-8.13	-8.27	6.59	-27.16	-26.56	10.86	 NaN	 NaN	 NaN
1954	4	-18.48	-18.16	6.67	-8.04	-8.30	6.52	-26.52	-26.46	10.81	 NaN	 NaN	 NaN
1954	5	-18.10	-18.05	6.71	-8.01	-8.35	6.48	-26.11	-26.40	10.84	 NaN	 NaN	 NaN
1954	6	-17.58	-17.98	6.73	-8.05	-8.40	6.45	-25.64	-26.37	10.88	 NaN	 NaN	 NaN
1954	7	-17.18	-17.88	6.73	-8.19	-8.43	6.41	-25.37	-26.31	10.89	 NaN	 NaN	 NaN
1954	8	-17.07	-17.79	6.72	-8.43	-8.45	6.40	-25.51	-26.24	10.89	 NaN	 NaN	 NaN
1954	9	-17.33	-17.76	6.68	-8.57	-8.51	6.40	-25.90	-26.27	10.84	 NaN	 NaN	 NaN
1954	10	-17.74	-17.85	6.71	-8.76	-8.60	6.31	-26.51	-26.44	10.79	 NaN	 NaN	 NaN
1954	11	-17.92	-18.06	6.66	-9.02	-8.69	6.19	-26.94	-26.75	10.64	 NaN	 NaN	 NaN
1954	12	-17.77	-18.35	6.54	-9.23	-8.79	6.17	-27.00	-27.14	10.52	 NaN	 NaN	 NaN
1955	1	-17.16	-18.71	6.56	-8.54	-8.89	6.20	-25.70	-27.60	10.54	 NaN	 NaN	 NaN
1955	2	-17.74	-19.11	6.38	-8.60	-8.99	6.04	-26.33	-28.09	10.22	 NaN	 NaN	 NaN
1955	3	-19.15	-19.46	6.28	-9.13	-9.07	5.92	-28.27	-28.54	10.01	 NaN	 NaN	 NaN
1955	4	-20.35	-19.77	6.09	-9.18	-9.16	5.82	-29.52	-28.93	9.80	 NaN	 NaN	 NaN
1955	5	-21.40	-20.04	6.02	-9.19	-9.24	5.76	-30.59	-29.28	9.78	 NaN	 NaN	 NaN
1955	6	-21.32	-20.23	5.99	-9.19	-9.31	5.70	-30.51	-29.55	9.74	 NaN	 NaN	 NaN
1955	7	-22.03	-20.39	5.95	-9.46	-9.40	5.65	-31.49	-29.78	9.67	 NaN	 NaN	 NaN
1955	8	-21.66	-20.57	5.83	-9.51	-9.49	5.61	-31.17	-30.05	9.52	 NaN	 NaN	 NaN
1955	9	-21.32	-20.68	5.72	-9.61	-9.55	5.59	-30.93	-30.23	9.39	 NaN	 NaN	 NaN
1955	10	-21.21	-20.68	5.58	-9.74	-9.60	5.58	-30.95	-30.27	9.29	 NaN	 NaN	 NaN
1955	11	-20.82	-20.59	5.50	-9.99	-9.65	5.41	-30.82	-30.24	9.03	 NaN	 NaN	 NaN
1955	12	-19.52	-20.47	5.43	-10.06	-9.72	5.26	-29.58	-30.19	8.78	 NaN	 NaN	 NaN
1956	1	-19.09	-20.32	5.24	-9.70	-9.78	5.10	-28.79	-30.10	8.46	 NaN	 NaN	 NaN
1956	2	-20.18	-20.13	5.15	-9.57	-9.83	5.08	-29.75	-29.95	8.39	 NaN	 NaN	 NaN
1956	3	-19.49	-19.98	4.96	-9.65	-9.87	5.03	-29.14	-29.85	8.23	 NaN	 NaN	 NaN
1956	4	-19.84	-19.87	4.88	-9.77	-9.90	4.99	-29.62	-29.77	8.15	 NaN	 NaN	 NaN
1956	5	-19.76	-19.77	4.85	-9.97	-9.90	4.93	-29.73	-29.67	8.05	 NaN	 NaN	 NaN
1956	6	-20.00	-19.72	4.77	-10.06	-9.88	4.90	-30.06	-29.60	7.95	 NaN	 NaN	 NaN
1956	7	-19.89	-19.69	4.70	-10.02	-9.86	4.85	-29.91	-29.55	7.86	 NaN	 NaN	 NaN
1956	8	-19.19	-19.64	4.60	-10.01	-9.85	4.81	-29.20	-29.49	7.78	 NaN	 NaN	 NaN
1956	9	-20.26	-19.61	4.51	-10.14	-9.86	4.80	-30.39	-29.46	7.71	 NaN	 NaN	 NaN
1956	10	-19.71	-19.60	4.47	-9.91	-9.86	4.76	-29.62	-29.46	7.63	 NaN	 NaN	 NaN
1956	11	-19.87	-19.59	4.41	-9.79	-9.84	4.75	-29.65	-29.43	7.60	 NaN	 NaN	 NaN
1956	12	-19.28	-19.56	4.30	-9.84	-9.82	4.71	-29.12	-29.38	7.50	 NaN	 NaN	 NaN
1957	1	-18.52	-19.47	4.21	-9.54	-9.80	4.66	-28.06	-29.27	7.32	 NaN	 NaN	 NaN
1957	2	-19.47	-19.39	4.27	-9.50	-9.77	4.62	-28.97	-29.16	7.36	 NaN	 NaN	 NaN
1957	3	-19.56	-19.27	4.23	-9.76	-9.75	4.63	-29.32	-29.02	7.34	 NaN	 NaN	 NaN
1957	4	-19.63	-19.12	4.17	-9.69	-9.72	4.61	-29.32	-28.84	7.31	 NaN	 NaN	 NaN
1957	5	-19.72	-18.96	4.16	-9.67	-9.71	4.63	-29.39	-28.67	7.34	 NaN	 NaN	 NaN
1957	6	-19.24	-18.81	4.19	-9.84	-9.72	4.60	-29.09	-28.53	7.31	 NaN	 NaN	 NaN
1957	7	-18.58	-18.68	4.16	-9.71	-9.71	4.55	-28.29	-28.39	7.21	 NaN	 NaN	 NaN
1957	8	-18.39	-18.47	4.08	-9.80	-9.70	4.52	-28.20	-28.17	7.09	 NaN	 NaN	 NaN
1957	9	-18.35	-18.18	4.08	-9.77	-9.69	4.50	-28.12	-27.87	7.09	 NaN	 NaN	 NaN
1957	10	-17.85	-17.85	4.03	-9.62	-9.69	4.49	-27.48	-27.53	7.07	 NaN	 NaN	 NaN
1957	11	-17.91	-17.53	4.01	-9.83	-9.69	4.48	-27.74	-27.22	7.05	 NaN	 NaN	 NaN
1957	12	-17.74	-17.25	3.89	-9.86	-9.70	4.46	-27.60	-26.95	6.92	 NaN	 NaN	 NaN
1958	1	-16.77	-16.98	4.89	-9.41	-9.70	5.05	-26.18	-26.68	8.27	 NaN	 NaN	 NaN
1958	2	-16.24	-16.69	4.90	-9.48	-9.70	5.00	-25.72	-26.39	8.26	 NaN	 NaN	 NaN
1958	3	-15.78	-16.38	4.89	-9.53	-9.70	5.01	-25.31	-26.07	8.24	 NaN	 NaN	 NaN
1958	4	-15.50	-16.14	4.82	-9.76	-9.69	4.99	-25.26	-25.83	8.18	 NaN	 NaN	 NaN
1958	5	-16.22	-16.01	4.81	-9.77	-9.67	4.98	-25.99	-25.68	8.11	 NaN	 NaN	 NaN
1958	6	-16.05	-15.90	4.78	-9.83	-9.64	4.94	-25.88	-25.55	8.10	 NaN	 NaN	 NaN
1958	7	-15.32	-15.85	4.80	-9.79	-9.63	4.95	-25.11	-25.47	8.11	 NaN	 NaN	 NaN
1958	8	-14.65	-15.89	4.84	-9.73	-9.62	4.98	-24.38	-25.50	8.17	 NaN	 NaN	 NaN
1958	9	-14.58	-16.03	4.89	-9.75	-9.62	4.95	-24.33	-25.65	8.21	 NaN	 NaN	 NaN
1958	10	-16.06	-16.27	5.06	-9.44	-9.62	4.91	-25.50	-25.89	8.32	 NaN	 NaN	 NaN
1958	11	-16.56	-16.48	5.10	-9.51	-9.63	4.88	-26.06	-26.12	8.32	 NaN	 NaN	 NaN
1958	12	-16.46	-16.64	5.19	-9.58	-9.64	4.83	-26.04	-26.28	8.32	 NaN	 NaN	 NaN
1959	1	-16.64	-16.77	5.12	-9.30	-9.64	4.75	-25.95	-26.40	8.18	 NaN	 NaN	 NaN
1959	2	-17.33	-16.89	5.15	-9.40	-9.63	4.74	-26.73	-26.52	8.20	 NaN	 NaN	 NaN
1959	3	-18.24	-17.02	5.17	-9.62	-9.63	4.66	-27.86	-26.65	8.12	 NaN	 NaN	 NaN
1959	4	-18.69	-17.07	5.14	-9.80	-9.65	4.59	-28.49	-26.72	8.01	 NaN	 NaN	 NaN
1959	5	-18.22	-17.10	5.10	-9.90	-9.68	4.59	-28.12	-26.78	8.02	 NaN	 NaN	 NaN
1959	6	-17.75	-17.17	5.06	-9.86	-9.70	4.57	-27.61	-26.88	7.99	 NaN	 NaN	 NaN
1959	7	-16.73	-17.22	4.97	-9.67	-9.72	4.60	-26.40	-26.93	7.99	 NaN	 NaN	 NaN
1959	8	-16.17	-17.19	4.96	-9.72	-9.72	4.59	-25.89	-26.91	8.02	 NaN	 NaN	 NaN
1959	9	-16.12	-17.06	4.99	-9.84	-9.69	4.54	-25.96	-26.75	8.01	 NaN	 NaN	 NaN
1959	10	-15.71	-16.86	4.96	-9.84	-9.63	4.54	-25.54	-26.49	7.95	 NaN	 NaN	 NaN
1959	11	-17.67	-16.66	4.94	-9.81	-9.55	4.56	-27.47	-26.22	7.91	 NaN	 NaN	 NaN
1959	12	-17.19	-16.51	4.94	-9.77	-9.47	4.52	-26.96	-25.98	7.85	 NaN	 NaN	 NaN
1960	1	-16.96	-16.40	4.69	-9.44	-9.42	4.46	-26.39	-25.82	7.53	 NaN	 NaN	 NaN
1960	2	-16.35	-16.33	4.58	-9.37	-9.36	4.47	-25.72	-25.69	7.46	 NaN	 NaN	 NaN
1960	3	-16.04	-16.29	4.63	-9.03	-9.29	4.50	-25.07	-25.59	7.57	 NaN	 NaN	 NaN
1960	4	-16.15	-16.29	4.66	-8.95	-9.21	4.54	-25.10	-25.49	7.69	 NaN	 NaN	 NaN
1960	5	-16.00	-16.22	4.65	-8.82	-9.11	4.61	-24.81	-25.33	7.74	 NaN	 NaN	 NaN
1960	6	-16.20	-16.13	4.70	-9.04	-9.03	4.65	-25.24	-25.15	7.83	 NaN	 NaN	 NaN
1960	7	-15.72	-16.11	4.64	-9.11	-8.95	4.66	-24.83	-25.06	7.81	 NaN	 NaN	 NaN
1960	8	-15.58	-16.21	4.59	-8.96	-8.87	4.64	-24.54	-25.08	7.75	 NaN	 NaN	 NaN
1960	9	-15.78	-16.42	4.56	-8.92	-8.79	4.66	-24.70	-25.21	7.79	 NaN	 NaN	 NaN
1960	10	-15.85	-16.65	4.50	-8.72	-8.75	4.67	-24.57	-25.40	7.77	 NaN	 NaN	 NaN
1960	11	-15.99	-16.86	4.53	-8.66	-8.72	4.70	-24.65	-25.58	7.85	 NaN	 NaN	 NaN
1960	12	-16.60	-17.04	4.60	-8.81	-8.68	4.70	-25.41	-25.72	7.90	 NaN	 NaN	 NaN
1961	1	-17.23	-17.21	4.48	-8.54	-8.61	4.65	-25.77	-25.82	7.67	 NaN	 NaN	 NaN
1961	2	-18.44	-17.41	4.48	-8.30	-8.52	4.70	-26.73	-25.93	7.73	 NaN	 NaN	 NaN
1961	3	-18.96	-17.64	4.49	-8.38	-8.44	4.69	-27.34	-26.08	7.77	 NaN	 NaN	 NaN
1961	4	-18.80	-17.85	4.50	-8.44	-8.37	4.57	-27.24	-26.21	7.65	 NaN	 NaN	 NaN
1961	5	-18.39	-18.01	4.56	-8.62	-8.30	4.56	-27.01	-26.31	7.67	 NaN	 NaN	 NaN
1961	6	-18.18	-18.10	4.56	-8.33	-8.23	4.59	-26.52	-26.32	7.69	 NaN	 NaN	 NaN
1961	7	-17.77	-18.04	4.57	-8.08	-8.15	4.56	-25.85	-26.19	7.71	 NaN	 NaN	 NaN
1961	8	-18.21	-17.86	4.66	-8.00	-8.07	4.51	-26.21	-25.93	7.71	 NaN	 NaN	 NaN
1961	9	-18.66	-17.58	4.73	-7.91	-7.99	4.49	-26.57	-25.57	7.67	 NaN	 NaN	 NaN
1961	10	-18.03	-17.27	4.79	-7.89	-7.88	4.49	-25.92	-25.15	7.70	 NaN	 NaN	 NaN
1961	11	-17.77	-16.97	4.81	-7.86	-7.77	4.48	-25.63	-24.74	7.70	 NaN	 NaN	 NaN
1961	12	-16.84	-16.69	4.69	-7.90	-7.68	4.46	-24.74	-24.37	7.57	 NaN	 NaN	 NaN
1962	1	-15.72	-16.43	4.49	-7.58	-7.60	4.39	-23.30	-24.03	7.36	 NaN	 NaN	 NaN
1962	2	-15.52	-16.11	4.36	-7.41	-7.55	4.39	-22.93	-23.66	7.30	 NaN	 NaN	 NaN
1962	3	-15.29	-15.70	4.27	-7.24	-7.50	4.27	-22.53	-23.21	7.12	 NaN	 NaN	 NaN
1962	4	-14.93	-15.28	4.17	-7.13	-7.46	4.18	-22.06	-22.74	6.97	 NaN	 NaN	 NaN
1962	5	-15.06	-14.90	4.09	-7.31	-7.43	4.17	-22.37	-22.33	6.94	 NaN	 NaN	 NaN
1962	6	-14.89	-14.59	4.06	-7.29	-7.41	4.15	-22.18	-22.00	6.89	 NaN	 NaN	 NaN
1962	7	-14.64	-14.37	4.05	-7.36	-7.40	4.16	-21.99	-21.77	6.90	 NaN	 NaN	 NaN
1962	8	-13.78	-14.23	4.08	-7.42	-7.40	4.17	-21.20	-21.64	6.94	 NaN	 NaN	 NaN
1962	9	-13.31	-14.19	4.12	-7.43	-7.42	4.21	-20.74	-21.61	7.01	 NaN	 NaN	 NaN
1962	10	-13.13	-14.27	4.09	-7.41	-7.45	4.18	-20.54	-21.73	6.92	 NaN	 NaN	 NaN
1962	11	-13.54	-14.40	4.04	-7.60	-7.48	4.14	-21.14	-21.88	6.88	 NaN	 NaN	 NaN
1962	12	-13.63	-14.49	4.02	-7.70	-7.49	4.11	-21.32	-21.98	6.79	 NaN	 NaN	 NaN
1963	1	-13.70	-14.57	3.89	-7.50	-7.50	4.01	-21.19	-22.07	6.56	 NaN	 NaN	 NaN
1963	2	-14.31	-14.70	3.91	-7.51	-7.49	4.00	-21.81	-22.20	6.60	 NaN	 NaN	 NaN
1963	3	-15.37	-14.91	3.91	-7.57	-7.48	3.98	-22.94	-22.39	6.64	 NaN	 NaN	 NaN
1963	4	-16.94	-15.18	3.85	-7.57	-7.46	3.97	-24.51	-22.64	6.61	 NaN	 NaN	 NaN
1963	5	-16.14	-15.50	3.79	-7.48	-7.43	3.89	-23.62	-22.93	6.50	 NaN	 NaN	 NaN
1963	6	-15.91	-15.83	3.82	-7.40	-7.40	3.86	-23.31	-23.23	6.47	 NaN	 NaN	 NaN
1963	7	-15.57	-16.12	3.74	-7.40	-7.38	3.85	-22.96	-23.50	6.38	 NaN	 NaN	 NaN
1963	8	-16.02	-16.37	3.76	-7.29	-7.36	3.87	-23.32	-23.74	6.44	 NaN	 NaN	 NaN
1963	9	-16.06	-16.56	3.73	-7.19	-7.36	3.85	-23.25	-23.92	6.40	 NaN	 NaN	 NaN
1963	10	-16.83	-16.65	3.68	-7.17	-7.34	3.83	-24.01	-23.99	6.30	 NaN	 NaN	 NaN
1963	11	-17.57	-16.72	3.56	-7.21	-7.31	3.84	-24.78	-24.04	6.21	 NaN	 NaN	 NaN
1963	12	-17.49	-16.85	3.59	-7.36	-7.27	3.86	-24.85	-24.12	6.27	 NaN	 NaN	 NaN
1964	1	-16.89	-17.02	3.59	-7.21	-7.22	3.79	-24.10	-24.24	6.22	 NaN	 NaN	 NaN
1964	2	-17.08	-17.20	3.65	-7.48	-7.18	3.79	-24.56	-24.39	6.29	 NaN	 NaN	 NaN
1964	3	-17.09	-17.41	3.74	-7.50	-7.15	3.82	-24.59	-24.56	6.39	 NaN	 NaN	 NaN
1964	4	-17.33	-17.59	3.82	-7.29	-7.12	3.86	-24.62	-24.71	6.51	 NaN	 NaN	 NaN
1964	5	-17.55	-17.71	3.89	-7.00	-7.09	3.94	-24.55	-24.80	6.63	 NaN	 NaN	 NaN
1964	6	-17.59	-17.82	3.87	-6.83	-7.06	3.93	-24.42	-24.88	6.62	 NaN	 NaN	 NaN
1964	7	-17.85	-18.00	3.90	-6.83	-7.01	3.90	-24.67	-25.01	6.63	 NaN	 NaN	 NaN
1964	8	-18.23	-18.20	3.91	-6.94	-6.95	3.90	-25.17	-25.15	6.63	 NaN	 NaN	 NaN
1964	9	-18.70	-18.44	3.90	-6.83	-6.88	3.88	-25.53	-25.32	6.55	 NaN	 NaN	 NaN
1964	10	-18.61	-18.72	3.84	-6.79	-6.83	3.82	-25.40	-25.54	6.44	 NaN	 NaN	 NaN
1964	11	-18.58	-18.95	3.88	-6.84	-6.80	3.80	-25.42	-25.74	6.45	 NaN	 NaN	 NaN
1964	12	-19.26	-19.13	3.85	-6.97	-6.77	3.82	-26.23	-25.91	6.45	 NaN	 NaN	 NaN
1965	1	-19.39	-19.30	3.67	-6.50	-6.75	3.76	-25.89	-26.05	6.25	 NaN	 NaN	 NaN
1965	2	-19.29	-19.44	3.60	-6.63	-6.73	3.77	-25.92	-26.17	6.20	 NaN	 NaN	 NaN
1965	3	-20.69	-19.50	3.62	-6.70	-6.71	3.77	-27.39	-26.21	6.20	 NaN	 NaN	 NaN
1965	4	-20.40	-19.50	3.56	-6.84	-6.70	3.77	-27.24	-26.20	6.15	 NaN	 NaN	 NaN
1965	5	-19.95	-19.47	3.56	-6.70	-6.71	3.81	-26.66	-26.17	6.19	 NaN	 NaN	 NaN
1965	6	-19.68	-19.40	3.49	-6.59	-6.70	3.86	-26.27	-26.10	6.17	 NaN	 NaN	 NaN
1965	7	-19.78	-19.28	3.40	-6.61	-6.69	3.84	-26.39	-25.97	6.05	 NaN	 NaN	 NaN
1965	8	-19.55	-19.15	3.33	-6.56	-6.67	3.84	-26.11	-25.82	5.99	 NaN	 NaN	 NaN
1965	9	-19.02	-18.95	3.32	-6.69	-6.65	3.81	-25.71	-25.60	5.96	 NaN	 NaN	 NaN
1965	10	-18.25	-18.69	3.44	-6.79	-6.63	3.82	-25.04	-25.31	6.11	 NaN	 NaN	 NaN
1965	11	-18.13	-18.42	3.51	-6.93	-6.60	3.74	-25.06	-25.02	6.09	 NaN	 NaN	 NaN
1965	12	-18.11	-18.16	3.56	-6.80	-6.59	3.71	-24.91	-24.74	6.07	 NaN	 NaN	 NaN
1966	1	-17.68	-17.90	3.47	-6.36	-6.58	3.61	-24.04	-24.49	5.93	 NaN	 NaN	 NaN
1966	2	-17.75	-17.67	3.52	-6.37	-6.60	3.60	-24.12	-24.27	5.97	 NaN	 NaN	 NaN
1966	3	-17.47	-17.48	3.54	-6.47	-6.61	3.55	-23.94	-24.09	5.91	 NaN	 NaN	 NaN
1966	4	-17.28	-17.35	3.55	-6.47	-6.61	3.55	-23.74	-23.96	5.95	 NaN	 NaN	 NaN
1966	5	-16.72	-17.29	3.51	-6.47	-6.60	3.57	-23.20	-23.89	5.93	 NaN	 NaN	 NaN
1966	6	-16.60	-17.26	3.40	-6.44	-6.60	3.57	-23.04	-23.86	5.87	 NaN	 NaN	 NaN
1966	7	-16.76	-17.23	3.35	-6.72	-6.62	3.60	-23.47	-23.85	5.86	 NaN	 NaN	 NaN
1966	8	-17.07	-17.19	3.37	-6.78	-6.65	3.58	-23.85	-23.85	5.86	 NaN	 NaN	 NaN
1966	9	-16.82	-17.17	3.36	-6.73	-6.68	3.54	-23.55	-23.85	5.81	 NaN	 NaN	 NaN
1966	10	-17.34	-17.20	3.32	-6.73	-6.71	3.45	-24.07	-23.91	5.68	 NaN	 NaN	 NaN
1966	11	-17.63	-17.28	3.17	-6.80	-6.75	3.41	-24.43	-24.03	5.49	 NaN	 NaN	 NaN
1966	12	-17.85	-17.41	3.14	-6.95	-6.80	3.45	-24.80	-24.21	5.51	 NaN	 NaN	 NaN
1967	1	-17.27	-17.51	3.13	-6.71	-6.84	3.40	-23.98	-24.35	5.42	 NaN	 NaN	 NaN
1967	2	-17.31	-17.55	3.11	-6.72	-6.87	3.39	-24.03	-24.41	5.40	 NaN	 NaN	 NaN
1967	3	-17.41	-17.56	3.10	-6.80	-6.90	3.40	-24.21	-24.46	5.36	 NaN	 NaN	 NaN
1967	4	-17.87	-17.57	3.04	-6.88	-6.93	3.36	-24.75	-24.50	5.31	 NaN	 NaN	 NaN
1967	5	-18.15	-17.56	2.98	-7.02	-6.98	3.31	-25.17	-24.53	5.25	 NaN	 NaN	 NaN
1967	6	-18.24	-17.55	2.96	-7.03	-7.02	3.27	-25.28	-24.56	5.16	 NaN	 NaN	 NaN
1967	7	-17.56	-17.55	2.99	-7.06	-7.06	3.25	-24.62	-24.61	5.15	 NaN	 NaN	 NaN
1967	8	-17.20	-17.59	2.92	-7.11	-7.10	3.27	-24.31	-24.70	5.14	 NaN	 NaN	 NaN
1967	9	-17.01	-17.65	2.88	-7.12	-7.15	3.29	-24.13	-24.80	5.22	 NaN	 NaN	 NaN
1967	10	-17.26	-17.72	2.81	-7.21	-7.17	3.24	-24.47	-24.90	5.13	 NaN	 NaN	 NaN
1967	11	-17.49	-17.78	2.84	-7.36	-7.18	3.23	-24.85	-24.96	5.16	 NaN	 NaN	 NaN
1967	12	-17.71	-17.83	2.82	-7.39	-7.18	3.19	-25.10	-25.01	5.10	 NaN	 NaN	 NaN
1968	1	-17.59	-17.91	2.71	-7.24	-7.18	3.15	-24.84	-25.09	4.94	 NaN	 NaN	 NaN
1968	2	-17.97	-18.03	2.69	-7.27	-7.18	3.18	-25.23	-25.21	4.93	 NaN	 NaN	 NaN
1968	3	-18.23	-18.19	2.70	-7.28	-7.19	3.20	-25.51	-25.38	4.99	 NaN	 NaN	 NaN
1968	4	-18.72	-18.35	2.68	-7.09	-7.20	3.19	-25.81	-25.55	4.97	 NaN	 NaN	 NaN
1968	5	-18.61	-18.50	2.65	-7.02	-7.21	3.19	-25.63	-25.71	4.94	 NaN	 NaN	 NaN
1968	6	-18.97	-18.64	2.66	-7.00	-7.21	3.18	-25.97	-25.85	4.93	 NaN	 NaN	 NaN
1968	7	-18.73	-18.74	2.67	-7.05	-7.22	3.17	-25.78	-25.96	4.92	 NaN	 NaN	 NaN
1968	8	-19.03	-18.82	2.66	-7.18	-7.22	3.16	-26.21	-26.04	4.88	 NaN	 NaN	 NaN
1968	9	-18.91	-18.90	2.62	-7.28	-7.22	3.16	-26.19	-26.11	4.84	 NaN	 NaN	 NaN
1968	10	-19.20	-18.97	2.61	-7.33	-7.22	3.14	-26.53	-26.19	4.80	 NaN	 NaN	 NaN
1968	11	-19.27	-19.02	2.58	-7.37	-7.24	3.11	-26.63	-26.26	4.74	 NaN	 NaN	 NaN
1968	12	-19.10	-19.05	2.58	-7.56	-7.27	3.08	-26.67	-26.32	4.70	 NaN	 NaN	 NaN
1969	1	-18.60	-19.05	2.54	-7.23	-7.29	3.03	-25.82	-26.35	4.61	 NaN	 NaN	 NaN
1969	2	-18.88	-19.05	2.54	-7.25	-7.32	3.04	-26.13	-26.37	4.61	 NaN	 NaN	 NaN
1969	3	-19.27	-19.07	2.65	-7.20	-7.34	3.10	-26.47	-26.41	4.74	 NaN	 NaN	 NaN
1969	4	-19.38	-19.09	2.63	-7.28	-7.36	3.16	-26.65	-26.45	4.79	 NaN	 NaN	 NaN
1969	5	-19.20	-19.11	2.63	-7.32	-7.36	3.21	-26.51	-26.47	4.85	 NaN	 NaN	 NaN
1969	6	-19.09	-19.14	2.62	-7.31	-7.34	3.21	-26.40	-26.48	4.89	 NaN	 NaN	 NaN
1969	7	-18.72	-19.19	2.62	-7.35	-7.31	3.20	-26.08	-26.49	4.88	 NaN	 NaN	 NaN
1969	8	-18.96	-19.23	2.59	-7.51	-7.29	3.19	-26.47	-26.51	4.85	 NaN	 NaN	 NaN
1969	9	-19.33	-19.24	2.55	-7.56	-7.26	3.21	-26.90	-26.50	4.83	 NaN	 NaN	 NaN
1969	10	-19.34	-19.23	2.46	-7.46	-7.23	3.20	-26.80	-26.46	4.77	 NaN	 NaN	 NaN
1969	11	-19.69	-19.19	2.47	-7.22	-7.20	3.27	-26.91	-26.38	4.86	 NaN	 NaN	 NaN
1969	12	-19.38	-19.13	2.46	-7.15	-7.16	3.28	-26.53	-26.29	4.84	 NaN	 NaN	 NaN
1970	1	-19.36	-19.07	3.04	-6.97	-7.11	3.37	-26.33	-26.18	5.36	 NaN	 NaN	 NaN
1970	2	-19.10	-18.96	3.08	-6.99	-7.05	3.40	-26.09	-26.01	5.40	 NaN	 NaN	 NaN
1970	3	-19.32	-18.82	3.19	-6.84	-6.98	3.41	-26.17	-25.81	5.49	 NaN	 NaN	 NaN
1970	4	-19.17	-18.69	3.17	-6.92	-6.91	3.42	-26.09	-25.60	5.50	 NaN	 NaN	 NaN
1970	5	-18.31	-18.55	3.19	-6.87	-6.84	3.44	-25.17	-25.38	5.54	 NaN	 NaN	 NaN
1970	6	-18.58	-18.40	3.25	-6.80	-6.77	3.42	-25.38	-25.17	5.58	 NaN	 NaN	 NaN
1970	7	-17.75	-18.25	3.19	-6.73	-6.70	3.40	-24.48	-24.95	5.54	 NaN	 NaN	 NaN
1970	8	-17.36	-18.12	3.28	-6.75	-6.62	3.41	-24.11	-24.74	5.59	 NaN	 NaN	 NaN
1970	9	-17.71	-18.03	3.42	-6.65	-6.56	3.43	-24.36	-24.58	5.65	 NaN	 NaN	 NaN
1970	10	-17.78	-17.97	3.48	-6.62	-6.51	3.45	-24.40	-24.48	5.61	 NaN	 NaN	 NaN
1970	11	-17.75	-17.96	3.47	-6.32	-6.46	3.47	-24.07	-24.41	5.61	 NaN	 NaN	 NaN
1970	12	-17.86	-17.94	3.40	-6.39	-6.41	3.47	-24.24	-24.35	5.58	 NaN	 NaN	 NaN
1971	1	-17.35	-17.93	3.21	-5.99	-6.36	3.38	-23.34	-24.29	5.31	 NaN	 NaN	 NaN
1971	2	-17.89	-17.90	3.23	-6.15	-6.31	3.35	-24.04	-24.21	5.29	 NaN	 NaN	 NaN
1971	3	-18.28	-17.81	3.19	-6.20	-6.27	3.33	-24.48	-24.08	5.22	 NaN	 NaN	 NaN
1971	4	-18.89	-17.66	3.14	-6.30	-6.23	3.32	-25.19	-23.88	5.16	 NaN	 NaN	 NaN
1971	5	-18.25	-17.51	3.06	-6.30	-6.20	3.32	-24.54	-23.71	5.10	 NaN	 NaN	 NaN
1971	6	-18.32	-17.38	3.00	-6.27	-6.20	3.35	-24.58	-23.58	5.10	 NaN	 NaN	 NaN
1971	7	-17.62	-17.29	2.99	-6.13	-6.19	3.36	-23.75	-23.48	5.12	 NaN	 NaN	 NaN
1971	8	-16.83	-17.19	2.89	-6.14	-6.19	3.37	-22.97	-23.38	5.11	 NaN	 NaN	 NaN
1971	9	-16.06	-17.02	2.85	-6.17	-6.20	3.38	-22.23	-23.22	5.17	 NaN	 NaN	 NaN
1971	10	-15.82	-16.78	2.92	-6.13	-6.21	3.39	-21.95	-22.99	5.29	 NaN	 NaN	 NaN
1971	11	-16.17	-16.52	2.83	-6.26	-6.23	3.38	-22.43	-22.76	5.22	 NaN	 NaN	 NaN
1971	12	-16.38	-16.33	2.87	-6.25	-6.26	3.39	-22.64	-22.60	5.25	 NaN	 NaN	 NaN
1972	1	-16.60	-16.27	2.89	-5.97	-6.30	3.36	-22.56	-22.57	5.22	 NaN	 NaN	 NaN
1972	2	-16.19	-16.37	2.96	-6.17	-6.34	3.36	-22.35	-22.71	5.26	 NaN	 NaN	 NaN
1972	3	-15.96	-16.54	2.95	-6.35	-6.38	3.36	-22.31	-22.92	5.19	 NaN	 NaN	 NaN
1972	4	-15.40	-16.72	2.98	-6.53	-6.42	3.36	-21.93	-23.13	5.19	 NaN	 NaN	 NaN
1972	5	-15.60	-16.89	3.09	-6.63	-6.45	3.35	-22.24	-23.34	5.23	 NaN	 NaN	 NaN
1972	6	-16.42	-17.02	3.12	-6.64	-6.49	3.38	-23.06	-23.52	5.26	 NaN	 NaN	 NaN
1972	7	-18.09	-17.12	3.23	-6.61	-6.55	3.36	-24.70	-23.67	5.33	 NaN	 NaN	 NaN
1972	8	-18.72	-17.24	3.04	-6.65	-6.59	3.33	-25.37	-23.83	5.22	 NaN	 NaN	 NaN
1972	9	-18.14	-17.36	2.92	-6.60	-6.64	3.34	-24.74	-24.00	5.23	 NaN	 NaN	 NaN
1972	10	-18.05	-17.46	2.84	-6.56	-6.67	3.36	-24.61	-24.14	5.22	 NaN	 NaN	 NaN
1972	11	-18.14	-17.54	2.81	-6.65	-6.69	3.38	-24.79	-24.23	5.21	 NaN	 NaN	 NaN
1972	12	-17.63	-17.58	2.75	-6.90	-6.70	3.41	-24.53	-24.28	5.16	 NaN	 NaN	 NaN
1973	1	-17.62	-17.55	2.72	-6.55	-6.72	3.40	-24.17	-24.27	5.11	 NaN	 NaN	 NaN
1973	2	-17.95	-17.41	2.79	-6.71	-6.73	3.38	-24.66	-24.14	5.15	 NaN	 NaN	 NaN
1973	3	-17.27	-17.25	2.82	-6.91	-6.75	3.35	-24.18	-24.00	5.15	 NaN	 NaN	 NaN
1973	4	-16.46	-17.10	2.81	-6.82	-6.76	3.34	-23.28	-23.86	5.13	 NaN	 NaN	 NaN
1973	5	-16.32	-16.96	2.98	-6.73	-6.76	3.31	-23.05	-23.72	5.26	 NaN	 NaN	 NaN
1973	6	-16.80	-16.82	3.06	-6.82	-6.73	3.31	-23.61	-23.55	5.31	 NaN	 NaN	 NaN
1973	7	-16.89	-16.69	3.08	-6.80	-6.70	3.29	-23.69	-23.38	5.30	 NaN	 NaN	 NaN
1973	8	-16.60	-16.57	3.14	-6.81	-6.66	3.34	-23.41	-23.23	5.39	 NaN	 NaN	 NaN
1973	9	-16.38	-16.48	3.04	-6.83	-6.61	3.39	-23.21	-23.09	5.42	 NaN	 NaN	 NaN
1973	10	-16.30	-16.50	2.98	-6.66	-6.55	3.42	-22.96	-23.04	5.43	 NaN	 NaN	 NaN
1973	11	-16.42	-16.58	3.05	-6.51	-6.49	3.42	-22.93	-23.06	5.49	 NaN	 NaN	 NaN
1973	12	-15.95	-16.61	2.99	-6.42	-6.43	3.45	-22.37	-23.03	5.50	 NaN	 NaN	 NaN
1974	1	-16.21	-16.59	2.92	-6.11	-6.34	3.45	-22.32	-22.93	5.37	 NaN	 NaN	 NaN
1974	2	-16.59	-16.51	2.97	-6.23	-6.26	3.48	-22.82	-22.77	5.38	 NaN	 NaN	 NaN
1974	3	-16.50	-16.42	2.98	-6.17	-6.17	3.49	-22.67	-22.59	5.39	 NaN	 NaN	 NaN
1974	4	-17.52	-16.34	3.10	-6.08	-6.09	3.50	-23.61	-22.43	5.48	 NaN	 NaN	 NaN
1974	5	-17.16	-16.24	3.16	-6.12	-6.01	3.50	-23.27	-22.25	5.50	 NaN	 NaN	 NaN
1974	6	-16.75	-16.15	3.25	-5.92	-5.95	3.52	-22.67	-22.09	5.55	 NaN	 NaN	 NaN
1974	7	-16.44	-16.05	3.27	-5.70	-5.88	3.48	-22.14	-21.93	5.55	 NaN	 NaN	 NaN
1974	8	-15.26	-15.95	3.44	-5.80	-5.80	3.48	-21.07	-21.75	5.64	 NaN	 NaN	 NaN
1974	9	-15.47	-15.84	3.39	-5.79	-5.73	3.47	-21.26	-21.56	5.64	 NaN	 NaN	 NaN
1974	10	-15.25	-15.66	3.27	-5.76	-5.66	3.48	-21.01	-21.32	5.58	 NaN	 NaN	 NaN
1974	11	-15.10	-15.45	3.19	-5.61	-5.61	3.47	-20.71	-21.06	5.50	 NaN	 NaN	 NaN
1974	12	-15.07	-15.35	3.06	-5.69	-5.59	3.44	-20.76	-20.93	5.37	 NaN	 NaN	 NaN
1975	1	-14.86	-15.32	2.94	-5.25	-5.59	3.39	-20.11	-20.91	5.20	 NaN	 NaN	 NaN
1975	2	-15.36	-15.32	3.06	-5.28	-5.58	3.41	-20.63	-20.91	5.29	 NaN	 NaN	 NaN
1975	3	-15.14	-15.29	3.17	-5.25	-5.57	3.42	-20.39	-20.87	5.37	 NaN	 NaN	 NaN
1975	4	-14.57	-15.20	3.21	-5.33	-5.57	3.44	-19.89	-20.76	5.38	 NaN	 NaN	 NaN
1975	5	-15.12	-15.09	3.34	-5.73	-5.56	3.43	-20.84	-20.65	5.52	 NaN	 NaN	 NaN
1975	6	-16.30	-15.01	3.61	-5.82	-5.54	3.43	-22.12	-20.56	5.71	 NaN	 NaN	 NaN
1975	7	-16.34	-14.98	3.57	-5.78	-5.53	3.46	-22.12	-20.51	5.69	 NaN	 NaN	 NaN
1975	8	-15.39	-14.97	3.45	-5.62	-5.52	3.46	-21.01	-20.49	5.64	 NaN	 NaN	 NaN
1975	9	-14.59	-14.99	3.34	-5.76	-5.51	3.45	-20.35	-20.50	5.63	 NaN	 NaN	 NaN
1975	10	-13.82	-15.09	3.25	-5.62	-5.51	3.45	-19.44	-20.59	5.58	 NaN	 NaN	 NaN
1975	11	-13.91	-15.19	3.23	-5.53	-5.49	3.47	-19.44	-20.68	5.61	 NaN	 NaN	 NaN
1975	12	-14.47	-15.18	3.23	-5.41	-5.46	3.51	-19.87	-20.64	5.65	 NaN	 NaN	 NaN
1976	1	-14.78	-15.11	3.16	-5.14	-5.41	3.46	-19.92	-20.52	5.51	 NaN	 NaN	 NaN
1976	2	-15.09	-15.08	3.19	-5.13	-5.37	3.46	-20.22	-20.45	5.53	 NaN	 NaN	 NaN
1976	3	-15.90	-15.03	3.25	-5.20	-5.33	3.42	-21.10	-20.37	5.54	 NaN	 NaN	 NaN
1976	4	-16.11	-14.99	3.36	-5.35	-5.29	3.40	-21.46	-20.28	5.59	 NaN	 NaN	 NaN
1976	5	-15.98	-15.00	3.43	-5.39	-5.27	3.38	-21.37	-20.26	5.59	 NaN	 NaN	 NaN
1976	6	-15.33	-14.96	3.45	-5.27	-5.27	3.36	-20.59	-20.23	5.57	 NaN	 NaN	 NaN
1976	7	-15.61	-14.83	3.51	-5.28	-5.28	3.32	-20.90	-20.10	5.51	 NaN	 NaN	 NaN
1976	8	-15.24	-14.61	3.42	-5.22	-5.29	3.28	-20.46	-19.90	5.39	 NaN	 NaN	 NaN
1976	9	-13.70	-14.31	3.17	-5.18	-5.29	3.27	-18.89	-19.60	5.25	 NaN	 NaN	 NaN
1976	10	-13.70	-13.93	3.13	-5.20	-5.29	3.26	-18.89	-19.22	5.23	 NaN	 NaN	 NaN
1976	11	-14.20	-13.53	3.09	-5.36	-5.28	3.24	-19.55	-18.81	5.20	 NaN	 NaN	 NaN
1976	12	-13.28	-13.25	3.15	-5.53	-5.27	3.23	-18.82	-18.52	5.22	 NaN	 NaN	 NaN
1977	1	-12.80	-13.05	3.01	-5.27	-5.26	3.18	-18.06	-18.31	5.03	 NaN	 NaN	 NaN
1977	2	-11.96	-12.90	2.98	-5.26	-5.24	3.17	-17.22	-18.14	4.99	 NaN	 NaN	 NaN
1977	3	-11.77	-12.86	2.99	-5.20	-5.24	3.14	-16.97	-18.11	4.98	 NaN	 NaN	 NaN
1977	4	-11.08	-12.89	3.10	-5.30	-5.25	3.13	-16.38	-18.14	5.11	 NaN	 NaN	 NaN
1977	5	-11.37	-12.90	3.16	-5.26	-5.25	3.14	-16.64	-18.15	5.16	 NaN	 NaN	 NaN
1977	6	-13.12	-12.91	3.34	-5.11	-5.23	3.14	-18.23	-18.14	5.24	 NaN	 NaN	 NaN
1977	7	-13.25	-12.93	3.42	-5.08	-5.21	3.13	-18.34	-18.14	5.26	 NaN	 NaN	 NaN
1977	8	-13.83	-12.99	3.45	-5.14	-5.20	3.14	-18.97	-18.19	5.25	 NaN	 NaN	 NaN
1977	9	-14.28	-13.10	3.33	-5.24	-5.20	3.11	-19.52	-18.30	5.14	 NaN	 NaN	 NaN
1977	10	-13.87	-13.26	3.16	-5.31	-5.22	3.09	-19.18	-18.49	4.99	 NaN	 NaN	 NaN
1977	11	-14.10	-13.48	3.09	-5.24	-5.24	3.09	-19.34	-18.72	4.94	 NaN	 NaN	 NaN
1977	12	-13.62	-13.63	3.01	-5.24	-5.27	3.09	-18.86	-18.90	4.88	 NaN	 NaN	 NaN
1978	1	-13.02	-13.67	2.87	-5.06	-5.30	3.04	-18.08	-18.97	4.70	 NaN	 NaN	 NaN
1978	2	-13.16	-13.67	2.90	-5.16	-5.35	3.01	-18.33	-19.02	4.69	 NaN	 NaN	 NaN
1978	3	-13.18	-13.64	2.87	-5.39	-5.39	3.00	-18.57	-19.03	4.69	 NaN	 NaN	 NaN
1978	4	-13.65	-13.59	2.89	-5.51	-5.42	3.00	-19.15	-19.01	4.71	 NaN	 NaN	 NaN
1978	5	-13.94	-13.54	2.96	-5.58	-5.45	2.95	-19.51	-18.99	4.70	 NaN	 NaN	 NaN
1978	6	-14.13	-13.51	3.09	-5.45	-5.48	2.93	-19.58	-18.99	4.77	 NaN	 NaN	 NaN
1978	7	-13.28	-13.55	3.18	-5.55	-5.53	2.92	-18.83	-19.07	4.79	 NaN	 NaN	 NaN
1978	8	-13.85	-13.62	3.06	-5.71	-5.59	2.92	-19.56	-19.21	4.70	 NaN	 NaN	 NaN
1978	9	-13.50	-13.67	2.75	-5.71	-5.65	2.90	-19.21	-19.32	4.48	 NaN	 NaN	 NaN
1978	10	-13.36	-13.66	2.57	-5.60	-5.72	2.91	-18.96	-19.37	4.37	 NaN	 NaN	 NaN
1978	11	-13.55	-13.58	2.41	-5.55	-5.78	2.90	-19.10	-19.36	4.28	 NaN	 NaN	 NaN
1978	12	-13.45	-13.50	2.33	-5.69	-5.83	2.91	-19.15	-19.33	4.22	 NaN	 NaN	 NaN
1979	1	-13.98	-13.54	2.27	-5.75	-5.86	2.88	-19.73	-19.40	4.15	 NaN	 NaN	 NaN
1979	2	-13.91	-13.67	2.27	-5.98	-5.88	2.84	-19.90	-19.55	4.11	 NaN	 NaN	 NaN
1979	3	-13.65	-13.84	2.27	-6.12	-5.88	2.81	-19.77	-19.73	4.06	 NaN	 NaN	 NaN
1979	4	-12.93	-14.04	2.28	-6.30	-5.90	2.83	-19.23	-19.94	4.09	 NaN	 NaN	 NaN
1979	5	-12.74	-14.21	2.30	-6.24	-5.91	2.80	-18.98	-20.13	4.06	 NaN	 NaN	 NaN
1979	6	-13.50	-14.34	2.46	-5.95	-5.94	2.80	-19.44	-20.27	4.17	 NaN	 NaN	 NaN
1979	7	-14.72	-14.32	2.62	-5.86	-5.96	2.77	-20.59	-20.28	4.21	 NaN	 NaN	 NaN
1979	8	-15.58	-14.16	2.55	-5.82	-5.97	2.78	-21.40	-20.14	4.14	 NaN	 NaN	 NaN
1979	9	-15.98	-13.96	2.49	-5.76	-5.96	2.79	-21.74	-19.92	4.13	 NaN	 NaN	 NaN
1979	10	-15.66	-13.78	2.43	-5.84	-5.92	2.77	-21.50	-19.70	4.10	 NaN	 NaN	 NaN
1979	11	-15.34	-13.65	2.32	-5.78	-5.87	2.79	-21.11	-19.52	4.06	 NaN	 NaN	 NaN
1979	12	-14.62	-13.52	2.25	-6.00	-5.82	2.78	-20.62	-19.35	4.03	 NaN	 NaN	 NaN
1980	1	-12.46	-13.31	2.26	-6.01	-5.80	2.80	-18.47	-19.11	4.07	 NaN	 NaN	 NaN
1980	2	-11.64	-13.05	2.27	-6.02	-5.78	2.83	-17.67	-18.83	4.11	 NaN	 NaN	 NaN
1980	3	-11.16	-12.73	2.28	-5.73	-5.78	2.82	-16.88	-18.51	4.10	 NaN	 NaN	 NaN
1980	4	-11.09	-12.41	2.28	-5.69	-5.79	2.82	-16.79	-18.20	4.08	 NaN	 NaN	 NaN
1980	5	-11.40	-12.15	2.36	-5.64	-5.80	2.83	-17.04	-17.95	4.12	 NaN	 NaN	 NaN
1980	6	-11.71	-11.98	2.46	-5.53	-5.79	2.84	-17.24	-17.76	4.18	 NaN	 NaN	 NaN
1980	7	-11.55	-11.93	2.59	-5.59	-5.74	2.84	-17.15	-17.68	4.27	 NaN	 NaN	 NaN
1980	8	-12.40	-12.02	2.60	-5.73	-5.68	2.85	-18.13	-17.70	4.33	 NaN	 NaN	 NaN
1980	9	-11.55	-12.18	2.64	-5.87	-5.64	2.84	-17.42	-17.82	4.36	 NaN	 NaN	 NaN
1980	10	-12.38	-12.38	2.67	-5.94	-5.62	2.81	-18.32	-18.01	4.35	 NaN	 NaN	 NaN
1980	11	-12.41	-12.58	2.59	-5.88	-5.61	2.83	-18.29	-18.19	4.30	 NaN	 NaN	 NaN
1980	12	-13.32	-12.81	2.46	-5.62	-5.60	2.84	-18.94	-18.41	4.22	 NaN	 NaN	 NaN
1981	1	-12.74	-13.07	2.33	-5.28	-5.61	2.81	-18.02	-18.68	4.08	 NaN	 NaN	 NaN
1981	2	-13.39	-13.26	2.37	-5.31	-5.62	2.84	-18.70	-18.88	4.15	 NaN	 NaN	 NaN
1981	3	-13.42	-13.42	2.45	-5.43	-5.61	2.87	-18.85	-19.03	4.23	 NaN	 NaN	 NaN
1981	4	-13.63	-13.52	2.50	-5.55	-5.59	2.89	-19.17	-19.12	4.27	 NaN	 NaN	 NaN
1981	5	-13.55	-13.59	2.65	-5.51	-5.58	2.88	-19.06	-19.16	4.33	 NaN	 NaN	 NaN
1981	6	-15.04	-13.64	2.73	-5.53	-5.58	2.88	-20.57	-19.22	4.35	 NaN	 NaN	 NaN
1981	7	-14.44	-13.67	2.83	-5.72	-5.62	2.88	-20.16	-19.29	4.39	 NaN	 NaN	 NaN
1981	8	-14.17	-13.68	2.97	-5.78	-5.67	2.85	-19.95	-19.34	4.52	 NaN	 NaN	 NaN
1981	9	-13.56	-13.64	3.01	-5.73	-5.72	2.83	-19.29	-19.36	4.55	 NaN	 NaN	 NaN
1981	10	-12.88	-13.59	2.88	-5.63	-5.78	2.79	-18.50	-19.37	4.45	 NaN	 NaN	 NaN
1981	11	-13.44	-13.57	2.80	-5.76	-5.83	2.74	-19.20	-19.39	4.37	 NaN	 NaN	 NaN
1981	12	-13.51	-13.55	2.66	-5.93	-5.88	2.73	-19.43	-19.43	4.24	 NaN	 NaN	 NaN
1982	1	-13.28	-13.54	2.45	-5.85	-5.92	2.65	-19.14	-19.46	3.99	 NaN	 NaN	 NaN
1982	2	-12.97	-13.60	2.26	-5.92	-5.94	2.67	-18.89	-19.54	3.90	 NaN	 NaN	 NaN
1982	3	-12.93	-13.72	2.24	-6.13	-5.94	2.63	-19.06	-19.67	3.86	 NaN	 NaN	 NaN
1982	4	-12.99	-13.91	2.27	-6.16	-5.95	2.58	-19.15	-19.85	3.86	 NaN	 NaN	 NaN
1982	5	-13.60	-14.09	2.32	-6.13	-5.96	2.56	-19.73	-20.04	3.87	 NaN	 NaN	 NaN
1982	6	-14.58	-14.27	2.28	-6.12	-5.97	2.55	-20.69	-20.24	3.82	 NaN	 NaN	 NaN
1982	7	-14.82	-14.48	2.36	-6.08	-5.96	2.53	-20.90	-20.45	3.83	 NaN	 NaN	 NaN
1982	8	-15.14	-14.68	2.34	-5.90	-5.95	2.47	-21.04	-20.63	3.81	 NaN	 NaN	 NaN
1982	9	-15.49	-14.83	2.37	-5.72	-5.93	2.47	-21.21	-20.76	3.89	 NaN	 NaN	 NaN
1982	10	-15.36	-14.92	2.34	-5.71	-5.90	2.47	-21.07	-20.83	3.90	 NaN	 NaN	 NaN
1982	11	-15.31	-14.99	2.23	-5.87	-5.88	2.46	-21.18	-20.87	3.85	 NaN	 NaN	 NaN
1982	12	-16.13	-15.00	2.14	-6.04	-5.86	2.43	-22.17	-20.87	3.79	 NaN	 NaN	 NaN
1983	1	-15.67	-15.00	1.99	-5.72	-5.85	2.34	-21.39	-20.85	3.58	 NaN	 NaN	 NaN
1983	2	-15.27	-15.02	1.96	-5.77	-5.84	2.34	-21.04	-20.85	3.57	 NaN	 NaN	 NaN
1983	3	-14.26	-15.00	2.03	-5.75	-5.84	2.30	-20.01	-20.84	3.59	 NaN	 NaN	 NaN
1983	4	-13.93	-14.94	2.19	-5.85	-5.85	2.28	-19.78	-20.78	3.67	 NaN	 NaN	 NaN
1983	5	-14.16	-14.83	2.27	-5.93	-5.84	2.27	-20.09	-20.67	3.74	 NaN	 NaN	 NaN
1983	6	-14.41	-14.66	2.28	-5.89	-5.81	2.28	-20.30	-20.47	3.74	 NaN	 NaN	 NaN
1983	7	-14.98	-14.42	2.29	-5.91	-5.77	2.30	-20.89	-20.19	3.75	 NaN	 NaN	 NaN
1983	8	-15.27	-14.19	2.36	-5.85	-5.72	2.29	-21.11	-19.92	3.76	 NaN	 NaN	 NaN
1983	9	-14.96	-14.04	2.28	-5.83	-5.68	2.29	-20.78	-19.72	3.71	 NaN	 NaN	 NaN
1983	10	-14.38	-13.97	2.25	-5.74	-5.63	2.33	-20.12	-19.60	3.77	 NaN	 NaN	 NaN
1983	11	-13.84	-13.96	2.20	-5.60	-5.59	2.35	-19.45	-19.55	3.76	 NaN	 NaN	 NaN
1983	12	-13.45	-14.04	2.18	-5.61	-5.54	2.34	-19.06	-19.58	3.73	 NaN	 NaN	 NaN
1984	1	-12.64	-14.14	2.13	-5.26	-5.48	2.29	-17.90	-19.62	3.64	 NaN	 NaN	 NaN
1984	2	-12.81	-14.19	2.13	-5.16	-5.42	2.34	-17.97	-19.61	3.68	 NaN	 NaN	 NaN
1984	3	-13.14	-14.20	2.14	-5.22	-5.36	2.37	-18.36	-19.56	3.73	 NaN	 NaN	 NaN
1984	4	-13.24	-14.22	2.21	-5.32	-5.30	2.36	-18.56	-19.51	3.77	 NaN	 NaN	 NaN
1984	5	-14.62	-14.22	2.36	-5.36	-5.23	2.34	-19.98	-19.45	3.84	 NaN	 NaN	 NaN
1984	6	-15.86	-14.21	2.45	-5.27	-5.18	2.31	-21.12	-19.39	3.84	 NaN	 NaN	 NaN
1984	7	-16.03	-14.24	2.48	-5.14	-5.12	2.31	-21.17	-19.36	3.86	 NaN	 NaN	 NaN
1984	8	-15.39	-14.22	2.47	-5.17	-5.07	2.33	-20.56	-19.30	3.87	 NaN	 NaN	 NaN
1984	9	-15.03	-14.13	2.35	-5.14	-5.02	2.32	-20.17	-19.16	3.81	 NaN	 NaN	 NaN
1984	10	-14.68	-14.00	2.26	-4.96	-4.97	2.31	-19.64	-18.96	3.73	 NaN	 NaN	 NaN
1984	11	-13.59	-13.79	2.20	-4.85	-4.91	2.32	-18.44	-18.70	3.71	 NaN	 NaN	 NaN
1984	12	-13.57	-13.49	2.20	-4.94	-4.86	2.34	-18.51	-18.35	3.74	 NaN	 NaN	 NaN
1985	1	-13.07	-13.20	2.14	-4.65	-4.81	2.29	-17.72	-18.01	3.64	 NaN	 NaN	 NaN
1985	2	-12.11	-13.00	2.06	-4.61	-4.78	2.31	-16.72	-17.78	3.58	 NaN	 NaN	 NaN
1985	3	-11.67	-12.90	2.05	-4.60	-4.74	2.31	-16.27	-17.64	3.56	 NaN	 NaN	 NaN
1985	4	-11.41	-12.83	2.06	-4.57	-4.71	2.31	-15.98	-17.54	3.57	 NaN	 NaN	 NaN
1985	5	-11.46	-12.81	2.09	-4.68	-4.67	2.32	-16.14	-17.49	3.58	 NaN	 NaN	 NaN
1985	6	-11.97	-12.84	2.16	-4.72	-4.64	2.32	-16.69	-17.48	3.59	 NaN	 NaN	 NaN
1985	7	-12.83	-12.90	2.12	-4.68	-4.60	2.34	-17.51	-17.49	3.52	 NaN	 NaN	 NaN
1985	8	-13.78	-13.02	2.16	-4.73	-4.55	2.36	-18.51	-17.57	3.61	 NaN	 NaN	 NaN
1985	9	-14.17	-13.17	2.13	-4.68	-4.51	2.37	-18.85	-17.68	3.62	 NaN	 NaN	 NaN
1985	10	-13.97	-13.31	2.06	-4.58	-4.47	2.40	-18.55	-17.77	3.63	 NaN	 NaN	 NaN
1985	11	-13.89	-13.40	1.98	-4.46	-4.43	2.41	-18.35	-17.83	3.56	 NaN	 NaN	 NaN
1985	12	-13.91	-13.47	1.97	-4.43	-4.38	2.41	-18.34	-17.84	3.55	 NaN	 NaN	 NaN
1986	1	-14.17	-13.45	1.92	-4.14	-4.33	2.34	-18.31	-17.78	3.45	 NaN	 NaN	 NaN
1986	2	-13.89	-13.38	1.93	-4.05	-4.28	2.31	-17.94	-17.66	3.44	 NaN	 NaN	 NaN
1986	3	-13.56	-13.28	1.94	-4.07	-4.24	2.29	-17.63	-17.52	3.40	 NaN	 NaN	 NaN
1986	4	-12.78	-13.21	1.99	-4.17	-4.19	2.28	-16.95	-17.40	3.41	 NaN	 NaN	 NaN
1986	5	-12.42	-13.21	1.97	-4.13	-4.15	2.26	-16.55	-17.36	3.37	 NaN	 NaN	 NaN
1986	6	-12.47	-13.28	2.09	-4.09	-4.13	2.26	-16.55	-17.40	3.40	 NaN	 NaN	 NaN
1986	7	-12.08	-13.36	2.13	-4.14	-4.11	2.27	-16.22	-17.47	3.46	 NaN	 NaN	 NaN
1986	8	-12.64	-13.41	2.08	-4.19	-4.12	2.25	-16.83	-17.53	3.43	 NaN	 NaN	 NaN
1986	9	-13.00	-13.45	1.92	-4.13	-4.14	2.23	-17.13	-17.59	3.35	 NaN	 NaN	 NaN
1986	10	-13.41	-13.48	1.94	-4.04	-4.17	2.20	-17.45	-17.65	3.36	 NaN	 NaN	 NaN
1986	11	-14.40	-13.53	1.91	-4.07	-4.20	2.16	-18.47	-17.73	3.34	 NaN	 NaN	 NaN
1986	12	-15.09	-13.60	1.88	-4.21	-4.26	2.16	-19.30	-17.85	3.32	 NaN	 NaN	 NaN
1987	1	-14.92	-13.71	1.81	-4.02	-4.31	2.10	-18.94	-18.02	3.19	 NaN	 NaN	 NaN
1987	2	-14.51	-13.86	1.92	-4.22	-4.35	2.08	-18.73	-18.22	3.27	 NaN	 NaN	 NaN
1987	3	-13.79	-13.99	1.88	-4.42	-4.40	2.07	-18.21	-18.39	3.24	 NaN	 NaN	 NaN
1987	4	-13.30	-14.02	1.84	-4.50	-4.47	2.06	-17.80	-18.49	3.19	 NaN	 NaN	 NaN
1987	5	-13.00	-13.95	1.86	-4.68	-4.56	2.03	-17.68	-18.51	3.15	 NaN	 NaN	 NaN
1987	6	-13.57	-13.82	1.91	-4.78	-4.65	2.03	-18.35	-18.47	3.19	 NaN	 NaN	 NaN
1987	7	-13.79	-13.70	1.93	-4.73	-4.74	2.03	-18.52	-18.44	3.18	 NaN	 NaN	 NaN
1987	8	-14.57	-13.63	1.89	-4.62	-4.84	2.01	-19.20	-18.46	3.12	 NaN	 NaN	 NaN
1987	9	-14.03	-13.59	1.86	-4.88	-4.93	1.97	-18.91	-18.52	3.06	 NaN	 NaN	 NaN
1987	10	-13.17	-13.54	1.77	-5.01	-5.02	1.98	-18.19	-18.56	3.04	 NaN	 NaN	 NaN
1987	11	-12.96	-13.48	1.71	-5.13	-5.12	1.98	-18.09	-18.60	2.98	 NaN	 NaN	 NaN
1987	12	-13.46	-13.40	1.68	-5.28	-5.20	1.99	-18.74	-18.60	2.95	 NaN	 NaN	 NaN
1988	1	-13.58	-13.29	1.61	-5.21	-5.30	1.95	-18.79	-18.59	2.89	 NaN	 NaN	 NaN
1988	2	-14.11	-13.15	1.66	-5.38	-5.41	2.00	-19.49	-18.56	2.96	 NaN	 NaN	 NaN
1988	3	-13.26	-13.01	1.69	-5.50	-5.52	2.00	-18.76	-18.53	2.99	 NaN	 NaN	 NaN
1988	4	-12.63	-12.93	1.79	-5.66	-5.61	1.98	-18.29	-18.54	3.02	 NaN	 NaN	 NaN
1988	5	-12.26	-12.87	1.87	-5.73	-5.68	1.99	-18.00	-18.55	3.08	 NaN	 NaN	 NaN
1988	6	-12.36	-12.83	1.90	-5.81	-5.72	2.02	-18.17	-18.55	3.12	 NaN	 NaN	 NaN
1988	7	-12.40	-12.82	1.95	-5.99	-5.75	2.03	-18.39	-18.57	3.12	 NaN	 NaN	 NaN
1988	8	-12.49	-12.77	2.01	-6.13	-5.77	2.05	-18.62	-18.54	3.14	 NaN	 NaN	 NaN
1988	9	-12.81	-12.71	2.03	-6.07	-5.77	2.04	-18.88	-18.48	3.19	 NaN	 NaN	 NaN
1988	10	-12.46	-12.68	2.10	-5.92	-5.78	2.05	-18.39	-18.45	3.27	 NaN	 NaN	 NaN
1988	11	-12.25	-12.65	2.03	-5.76	-5.77	2.06	-18.01	-18.43	3.27	 NaN	 NaN	 NaN
1988	12	-13.23	-12.62	1.90	-5.76	-5.77	2.10	-18.99	-18.39	3.22	 NaN	 NaN	 NaN
1989	1	-13.46	-12.59	1.71	-5.44	-5.74	2.09	-18.90	-18.33	3.06	 NaN	 NaN	 NaN
1989	2	-13.09	-12.57	1.70	-5.50	-5.70	2.11	-18.59	-18.27	3.04	 NaN	 NaN	 NaN
1989	3	-12.87	-12.56	1.76	-5.55	-5.65	2.10	-18.42	-18.21	3.06	 NaN	 NaN	 NaN
1989	4	-12.23	-12.57	1.86	-5.63	-5.61	2.07	-17.86	-18.18	3.10	 NaN	 NaN	 NaN
1989	5	-12.08	-12.62	1.97	-5.71	-5.57	2.05	-17.79	-18.19	3.15	 NaN	 NaN	 NaN
1989	6	-11.89	-12.66	2.00	-5.64	-5.54	2.05	-17.53	-18.20	3.11	 NaN	 NaN	 NaN
1989	7	-12.00	-12.66	1.99	-5.62	-5.49	2.04	-17.62	-18.15	3.04	 NaN	 NaN	 NaN
1989	8	-12.43	-12.67	2.01	-5.51	-5.44	2.04	-17.94	-18.11	3.05	 NaN	 NaN	 NaN
1989	9	-12.69	-12.70	1.99	-5.51	-5.39	2.05	-18.20	-18.10	3.08	 NaN	 NaN	 NaN
1989	10	-12.90	-12.76	2.01	-5.42	-5.34	2.06	-18.33	-18.09	3.12	 NaN	 NaN	 NaN
1989	11	-13.00	-12.84	1.95	-5.34	-5.28	2.08	-18.33	-18.12	3.10	 NaN	 NaN	 NaN
1989	12	-13.35	-13.01	1.91	-5.36	-5.24	2.10	-18.71	-18.26	3.06	 NaN	 NaN	 NaN
1990	1	-13.34	-13.28	1.85	-4.84	-5.21	2.07	-18.18	-18.49	2.97	 NaN	 NaN	 NaN
1990	2	-13.42	-13.54	1.83	-4.88	-5.19	2.06	-18.29	-18.72	2.91	 NaN	 NaN	 NaN
1990	3	-13.40	-13.71	1.85	-4.90	-5.18	2.05	-18.30	-18.90	2.89	 NaN	 NaN	 NaN
1990	4	-12.97	-13.77	1.92	-4.97	-5.19	2.04	-17.93	-18.95	2.96	 NaN	 NaN	 NaN
1990	5	-13.32	-13.71	2.20	-5.13	-5.20	2.04	-18.45	-18.91	3.16	 NaN	 NaN	 NaN
1990	6	-14.83	-13.62	2.29	-5.19	-5.22	2.04	-20.02	-18.84	3.22	 NaN	 NaN	 NaN
1990	7	-15.39	-13.51	2.38	-5.25	-5.26	2.04	-20.65	-18.77	3.24	 NaN	 NaN	 NaN
1990	8	-15.19	-13.38	2.42	-5.41	-5.31	2.02	-20.60	-18.69	3.21	 NaN	 NaN	 NaN
1990	9	-14.18	-13.20	2.48	-5.52	-5.36	2.01	-19.71	-18.55	3.19	 NaN	 NaN	 NaN
1990	10	-12.69	-12.97	2.23	-5.50	-5.41	2.01	-18.19	-18.38	3.05	 NaN	 NaN	 NaN
1990	11	-11.98	-12.74	2.06	-5.57	-5.45	2.00	-17.56	-18.19	2.97	 NaN	 NaN	 NaN
1990	12	-12.10	-12.51	1.95	-5.68	-5.49	2.02	-17.78	-18.01	2.94	 NaN	 NaN	 NaN
1991	1	-11.86	-12.27	1.86	-5.41	-5.53	2.28	-17.27	-17.80	3.12	 NaN	 NaN	 NaN
1991	2	-11.83	-12.05	1.85	-5.43	-5.56	2.28	-17.26	-17.60	3.13	 NaN	 NaN	 NaN
1991	3	-10.67	-11.90	1.91	-5.51	-5.58	2.28	-16.18	-17.48	3.17	 NaN	 NaN	 NaN
1991	4	-10.27	-11.81	1.97	-5.55	-5.59	2.23	-15.82	-17.41	3.20	 NaN	 NaN	 NaN
1991	5	-10.40	-11.81	2.11	-5.66	-5.60	2.22	-16.06	-17.41	3.23	 NaN	 NaN	 NaN
1991	6	-12.37	-11.85	2.44	-5.67	-5.62	2.25	-18.04	-17.47	3.44	 NaN	 NaN	 NaN
1991	7	-12.09	-11.94	2.49	-5.60	-5.64	2.29	-17.69	-17.58	3.51	 NaN	 NaN	 NaN
1991	8	-13.09	-12.10	2.52	-5.70	-5.64	2.32	-18.80	-17.74	3.57	 NaN	 NaN	 NaN
1991	9	-12.72	-12.34	2.50	-5.73	-5.63	2.35	-18.45	-17.97	3.60	 NaN	 NaN	 NaN
1991	10	-12.07	-12.60	2.54	-5.65	-5.63	2.43	-17.72	-18.23	3.76	 NaN	 NaN	 NaN
1991	11	-12.39	-12.86	2.53	-5.68	-5.62	2.46	-18.08	-18.48	3.84	 NaN	 NaN	 NaN
1991	12	-12.83	-13.03	2.41	-6.01	-5.59	2.50	-18.84	-18.62	3.84	 NaN	 NaN	 NaN
1992	1	-13.25	-13.15	2.30	-5.47	-5.54	2.39	-18.72	-18.69	3.66	-1.70	-1.63	0.61
1992	2	-14.30	-13.24	2.28	-5.37	-5.47	2.35	-19.66	-18.70	3.57	-1.65	-1.63	0.61
1992	3	-13.85	-13.27	2.23	-5.48	-5.37	2.33	-19.33	-18.65	3.56	-1.61	-1.63	0.61
1992	4	-13.52	-13.32	2.21	-5.45	-5.27	2.30	-18.97	-18.59	3.54	-1.43	-1.64	0.60
1992	5	-13.34	-13.37	2.32	-5.49	-5.17	2.25	-18.83	-18.54	3.57	-1.50	-1.64	0.59
1992	6	-13.44	-13.40	2.30	-5.19	-5.06	2.20	-18.64	-18.47	3.51	-1.61	-1.64	0.59
1992	7	-13.89	-13.39	2.14	-4.92	-4.97	2.14	-18.81	-18.36	3.31	-1.72	-1.64	0.58
1992	8	-13.36	-13.30	1.96	-4.64	-4.90	2.11	-18.00	-18.20	3.14	-1.68	-1.64	0.56
1992	9	-13.34	-13.18	1.94	-4.50	-4.84	2.07	-17.84	-18.03	3.16	-1.66	-1.65	0.56
1992	10	-12.66	-13.14	1.81	-4.44	-4.80	2.02	-17.10	-17.94	3.06	-1.74	-1.66	0.55
1992	11	-12.96	-13.18	1.76	-4.46	-4.78	1.98	-17.41	-17.96	2.98	-1.71	-1.69	0.56
1992	12	-13.05	-13.30	1.66	-4.67	-4.78	1.94	-17.72	-18.08	2.91	-1.71	-1.70	0.56
1993	1	-12.64	-13.40	1.53	-4.60	-4.80	1.89	-17.24	-18.20	2.79	-1.65	-1.71	0.55
1993	2	-12.73	-13.49	1.51	-4.60	-4.84	1.88	-17.33	-18.33	2.76	-1.70	-1.72	0.54
1993	3	-12.68	-13.57	1.57	-4.86	-4.91	1.88	-17.53	-18.48	2.78	-1.72	-1.73	0.54
1993	4	-13.57	-13.66	1.69	-5.12	-4.98	1.86	-18.69	-18.64	2.86	-1.73	-1.74	0.54
1993	5	-14.28	-13.75	1.84	-5.28	-5.04	1.86	-19.56	-18.78	2.96	-1.75	-1.74	0.55
1993	6	-15.35	-13.75	1.90	-5.35	-5.09	1.91	-20.70	-18.84	3.05	-1.75	-1.75	0.54
1993	7	-14.51	-13.70	2.10	-5.24	-5.11	1.99	-19.75	-18.80	3.17	-1.80	-1.76	0.54
1993	8	-14.81	-13.61	2.14	-5.34	-5.10	2.01	-20.15	-18.71	3.18	-1.81	-1.77	0.54
1993	9	-13.95	-13.50	2.04	-5.36	-5.07	2.02	-19.31	-18.57	3.07	-1.81	-1.77	0.54
1993	10	-14.20	-13.35	1.94	-5.23	-5.00	2.01	-19.43	-18.35	2.97	-1.76	-1.77	0.54
1993	11	-13.40	-13.16	1.84	-5.15	-4.91	2.02	-18.55	-18.07	2.91	-1.82	-1.76	0.54
1993	12	-12.65	-12.94	1.60	-5.17	-4.82	2.00	-17.82	-17.76	2.79	-1.81	-1.74	0.54
1994	1	-11.81	-12.77	1.49	-4.55	-4.73	1.92	-16.36	-17.51	2.63	-1.76	-1.71	0.53
1994	2	-11.46	-12.64	1.43	-4.55	-4.66	1.92	-16.02	-17.31	2.59	-1.73	-1.69	0.53
1994	3	-11.33	-12.51	1.44	-4.13	-4.60	1.96	-15.46	-17.11	2.61	-1.73	-1.66	0.54
1994	4	-11.40	-12.36	1.47	-4.15	-4.56	1.96	-15.55	-16.91	2.66	-1.65	-1.64	0.54
1994	5	-11.79	-12.18	1.57	-4.08	-4.53	1.97	-15.87	-16.71	2.75	-1.57	-1.63	0.55
1994	6	-12.66	-12.04	1.75	-4.29	-4.51	1.96	-16.95	-16.55	2.81	-1.51	-1.61	0.55
1994	7	-13.16	-11.95	2.00	-4.37	-4.50	1.96	-17.53	-16.45	2.96	-1.45	-1.60	0.55
1994	8	-13.03	-11.92	2.03	-4.53	-4.52	1.96	-17.56	-16.44	2.97	-1.49	-1.60	0.55
1994	9	-12.53	-11.95	1.99	-4.69	-4.56	1.97	-17.22	-16.51	2.98	-1.53	-1.59	0.55
1994	10	-11.89	-11.97	1.83	-4.83	-4.63	1.98	-16.71	-16.60	2.87	-1.54	-1.60	0.55
1994	11	-11.45	-11.92	1.70	-4.85	-4.71	1.98	-16.30	-16.63	2.80	-1.67	-1.61	0.55
1994	12	-11.32	-11.80	1.50	-4.97	-4.80	1.98	-16.29	-16.60	2.68	-1.68	-1.61	0.55
1995	1	-10.90	-11.68	1.33	-4.67	-4.86	1.91	-15.56	-16.54	2.44	-1.63	-1.61	0.54
1995	2	-11.72	-11.56	1.36	-4.83	-4.92	1.90	-16.55	-16.48	2.41	-1.68	-1.60	0.55
1995	3	-11.76	-11.49	1.39	-4.91	-4.97	1.91	-16.67	-16.46	2.44	-1.71	-1.57	0.55
1995	4	-11.38	-11.46	1.47	-5.02	-4.99	1.93	-16.41	-16.45	2.53	-1.76	-1.55	0.55
1995	5	-10.63	-11.44	1.55	-5.10	-5.01	1.94	-15.73	-16.45	2.58	-1.68	-1.52	0.55
1995	6	-11.08	-11.42	1.67	-5.25	-5.02	1.99	-16.33	-16.44	2.74	-1.55	-1.48	0.55
1995	7	-11.71	-11.37	1.88	-5.07	-5.02	2.06	-16.78	-16.39	2.96	-1.35	-1.44	0.56
1995	8	-11.66	-11.27	1.75	-5.20	-5.00	2.11	-16.86	-16.27	2.92	-1.28	-1.41	0.57
1995	9	-12.17	-11.09	1.70	-5.16	-4.98	2.13	-17.32	-16.07	2.92	-1.18	-1.36	0.58
1995	10	-11.54	-10.87	1.62	-4.98	-4.97	2.16	-16.52	-15.84	2.91	-1.21	-1.32	0.58
1995	11	-11.48	-10.70	1.54	-5.04	-4.94	2.10	-16.52	-15.63	2.81	-1.27	-1.27	0.59
1995	12	-10.85	-10.57	1.55	-5.02	-4.88	2.08	-15.87	-15.45	2.77	-1.21	-1.24	0.59
1996	1	-10.09	-10.43	1.55	-4.57	-4.82	2.08	-14.65	-15.25	2.77	-1.21	-1.21	0.59
1996	2	-10.01	-10.29	1.55	-4.57	-4.76	2.08	-14.58	-15.05	2.77	-1.21	-1.21	0.59
1996	3	-9.21	-10.15	1.46	-4.71	-4.70	2.00	-13.93	-14.85	2.60	-1.17	-1.21	0.58
1996	4	-8.72	-10.01	1.55	-4.82	-4.64	2.01	-13.54	-14.65	2.66	-1.21	-1.22	0.59
1996	5	-9.05	-9.88	1.54	-4.61	-4.59	2.04	-13.65	-14.47	2.70	-1.18	-1.22	0.59
1996	6	-9.58	-9.79	1.61	-4.42	-4.54	2.05	-14.00	-14.33	2.76	-1.17	-1.22	0.59
1996	7	-9.96	-9.73	1.68	-4.47	-4.51	2.07	-14.43	-14.24	2.84	-1.22	-1.25	0.60
1996	8	-10.04	-9.67	1.79	-4.37	-4.48	2.12	-14.41	-14.15	2.99	-1.25	-1.29	0.60
1996	9	-10.51	-9.62	1.69	-4.38	-4.44	2.18	-14.88	-14.07	2.97	-1.28	-1.34	0.62
1996	10	-9.75	-9.64	1.59	-4.38	-4.38	2.23	-14.13	-14.02	2.95	-1.26	-1.39	0.63
1996	11	-10.03	-9.70	1.54	-4.48	-4.32	2.25	-14.51	-14.02	2.94	-1.27	-1.44	0.65
1996	12	-10.15	-9.77	1.54	-4.47	-4.29	2.25	-14.62	-14.05	2.94	-1.27	-1.50	0.65
1997	1	-9.47	-9.86	1.38	-4.25	-4.26	2.20	-13.71	-14.12	2.80	-1.72	-1.55	0.80
1997	2	-9.14	-9.97	1.37	-4.23	-4.24	2.18	-13.37	-14.21	2.78	-1.74	-1.61	0.79
1997	3	-9.02	-10.06	1.38	-4.12	-4.24	2.15	-13.14	-14.30	2.75	-1.77	-1.65	0.79
1997	4	-9.28	-10.16	1.43	-4.00	-4.25	2.14	-13.28	-14.40	2.79	-1.80	-1.68	0.79
1997	5	-9.82	-10.28	1.45	-4.02	-4.26	2.14	-13.84	-14.54	2.86	-1.86	-1.71	0.80
1997	6	-10.56	-10.39	1.50	-4.10	-4.27	2.14	-14.66	-14.66	2.86	-1.89	-1.76	0.81
1997	7	-11.21	-10.52	1.50	-4.14	-4.29	2.14	-15.35	-14.81	2.84	-1.88	-1.79	0.81
1997	8	-11.31	-10.69	1.44	-4.30	-4.30	2.15	-15.61	-14.99	2.83	-1.83	-1.78	0.82
1997	9	-11.44	-10.81	1.45	-4.42	-4.33	2.15	-15.86	-15.14	2.85	-1.71	-1.78	0.83
1997	10	-11.18	-10.86	1.44	-4.49	-4.37	2.14	-15.67	-15.22	2.81	-1.58	-1.78	0.84
1997	11	-11.57	-10.85	1.41	-4.60	-4.41	2.12	-16.17	-15.25	2.81	-1.80	-1.77	0.85
1997	12	-11.16	-10.78	1.36	-4.75	-4.43	2.11	-15.91	-15.21	2.77	-1.88	-1.76	0.85
1998	1	-11.59	-10.62	1.29	-4.40	-4.44	2.00	-16.00	-15.05	2.64	-1.68	-1.74	0.82
1998	2	-11.10	-10.38	1.32	-4.42	-4.43	1.99	-15.52	-14.81	2.69	-1.74	-1.73	0.82
1998	3	-10.07	-10.11	1.24	-4.49	-4.39	1.98	-14.56	-14.50	2.60	-1.76	-1.72	0.82
1998	4	-9.27	-9.78	1.23	-4.52	-4.34	1.98	-13.79	-14.12	2.56	-1.73	-1.72	0.82
1998	5	-9.60	-9.41	1.23	-4.49	-4.27	1.98	-14.09	-13.68	2.55	-1.70	-1.72	0.82
1998	6	-9.20	-9.07	1.21	-4.23	-4.18	2.01	-13.43	-13.25	2.55	-1.69	-1.70	0.82
1998	7	-8.56	-8.78	1.22	-4.17	-4.08	2.03	-12.73	-12.86	2.59	-1.70	-1.69	0.82
1998	8	-8.35	-8.51	1.36	-4.01	-3.99	2.06	-12.36	-12.50	2.66	-1.71	-1.68	0.82
1998	9	-7.78	-8.30	1.33	-3.91	-3.91	2.09	-11.68	-12.21	2.68	-1.69	-1.66	0.82
1998	10	-7.06	-8.13	1.40	-3.72	-3.83	2.11	-10.78	-11.96	2.75	-1.57	-1.65	0.82
1998	11	-6.89	-7.92	1.36	-3.59	-3.75	2.11	-10.48	-11.67	2.71	-1.68	-1.65	0.83
1998	12	-7.67	-7.71	1.30	-3.62	-3.69	2.12	-11.28	-11.40	2.70	-1.69	-1.65	0.83
1999	1	-8.00	-7.60	1.31	-3.26	-3.65	2.05	-11.26	-11.25	2.56	-1.55	-1.65	0.79
1999	2	-8.19	-7.54	1.38	-3.44	-3.62	2.05	-11.63	-11.16	2.64	-1.54	-1.66	0.79
1999	3	-8.01	-7.50	1.44	-3.47	-3.61	2.04	-11.48	-11.10	2.71	-1.63	-1.66	0.79
1999	4	-7.31	-7.47	1.43	-3.52	-3.60	2.05	-10.84	-11.07	2.71	-1.67	-1.67	0.79
1999	5	-6.47	-7.46	1.47	-3.62	-3.60	2.06	-10.09	-11.06	2.70	-1.68	-1.68	0.79
1999	6	-7.32	-7.39	1.57	-3.67	-3.61	2.07	-10.99	-11.00	2.78	-1.72	-1.69	0.79
1999	7	-7.71	-7.28	1.66	-3.72	-3.62	2.07	-11.43	-10.90	2.85	-1.75	-1.69	0.79
1999	8	-7.91	-7.19	1.69	-3.81	-3.62	2.09	-11.71	-10.81	2.88	-1.79	-1.69	0.78
1999	9	-7.08	-7.16	1.62	-3.79	-3.63	2.10	-10.88	-10.78	2.89	-1.69	-1.69	0.79
1999	10	-7.13	-7.19	1.57	-3.71	-3.63	2.10	-10.85	-10.82	2.85	-1.75	-1.69	0.79
1999	11	-6.46	-7.30	1.53	-3.58	-3.64	2.10	-10.04	-10.94	2.82	-1.75	-1.69	0.78
1999	12	-6.60	-7.41	1.52	-3.76	-3.63	2.10	-10.36	-11.04	2.81	-1.77	-1.69	0.78
2000	1	-6.43	-7.44	1.48	-3.41	-3.62	2.02	-9.83	-11.06	2.69	-1.58	-1.69	0.72
2000	2	-7.47	-7.38	1.49	-3.42	-3.61	2.00	-10.89	-10.99	2.70	-1.54	-1.68	0.72
2000	3	-7.94	-7.34	1.51	-3.52	-3.59	2.00	-11.47	-10.93	2.73	-1.63	-1.68	0.72
2000	4	-8.26	-7.33	1.51	-3.61	-3.59	2.00	-11.88	-10.92	2.74	-1.66	-1.67	0.72
2000	5	-8.19	-7.37	1.55	-3.61	-3.59	2.00	-11.81	-10.95	2.75	-1.69	-1.67	0.73
2000	6	-8.19	-7.46	1.62	-3.53	-3.59	1.97	-11.72	-11.05	2.77	-1.71	-1.66	0.73
2000	7	-7.50	-7.57	1.62	-3.58	-3.60	1.97	-11.08	-11.16	2.76	-1.68	-1.66	0.73
2000	8	-6.78	-7.66	1.61	-3.63	-3.60	1.94	-10.41	-11.26	2.72	-1.70	-1.66	0.73
2000	9	-7.16	-7.69	1.60	-3.67	-3.61	1.90	-10.84	-11.31	2.64	-1.68	-1.66	0.73
2000	10	-6.89	-7.70	1.55	-3.66	-3.61	1.91	-10.55	-11.31	2.60	-1.67	-1.65	0.74
2000	11	-7.50	-7.69	1.54	-3.68	-3.61	1.93	-11.18	-11.29	2.61	-1.66	-1.64	0.74
2000	12	-7.71	-7.65	1.57	-3.79	-3.60	1.93	-11.50	-11.24	2.62	-1.68	-1.62	0.74
2001	1	-8.00	-7.59	1.50	-3.48	-3.58	1.86	-11.48	-11.18	2.49	-1.63	-1.61	0.70
2001	2	-8.07	-7.56	1.51	-3.55	-3.57	1.85	-11.62	-11.13	2.51	-1.60	-1.60	0.70
2001	3	-8.16	-7.52	1.55	-3.60	-3.56	1.86	-11.75	-11.08	2.59	-1.57	-1.60	0.70
2001	4	-8.22	-7.45	1.57	-3.54	-3.55	1.85	-11.76	-11.00	2.55	-1.52	-1.60	0.68
2001	5	-7.95	-7.34	1.56	-3.51	-3.55	1.85	-11.46	-10.89	2.51	-1.50	-1.60	0.67
2001	6	-7.49	-7.20	1.60	-3.39	-3.55	1.83	-10.89	-10.75	2.52	-1.53	-1.60	0.66
2001	7	-6.89	-7.02	1.71	-3.41	-3.55	1.82	-10.30	-10.57	2.57	-1.57	-1.59	0.66
2001	8	-6.64	-6.79	1.80	-3.49	-3.53	1.80	-10.13	-10.32	2.62	-1.62	-1.59	0.66
2001	9	-6.22	-6.54	1.79	-3.57	-3.51	1.78	-9.79	-10.05	2.58	-1.68	-1.59	0.66
2001	10	-6.15	-6.26	1.85	-3.58	-3.48	1.75	-9.73	-9.73	2.60	-1.66	-1.59	0.66
2001	11	-5.74	-5.96	1.72	-3.74	-3.45	1.72	-9.48	-9.41	2.48	-1.64	-1.58	0.66
2001	12	-6.00	-5.69	1.64	-3.80	-3.42	1.72	-9.79	-9.11	2.45	-1.67	-1.58	0.66
2002	1	-5.34	-5.48	1.54	-3.36	-3.40	1.66	-8.70	-8.88	2.36	-1.54	-1.58	0.62
2002	2	-5.28	-5.31	1.53	-3.27	-3.38	1.64	-8.54	-8.68	2.32	-1.57	-1.56	0.62
2002	3	-4.91	-5.17	1.55	-3.28	-3.34	1.66	-8.19	-8.51	2.33	-1.54	-1.55	0.62
2002	4	-4.70	-5.02	1.66	-3.16	-3.29	1.66	-7.86	-8.32	2.35	-1.51	-1.53	0.62
2002	5	-4.38	-4.84	1.65	-3.19	-3.22	1.66	-7.56	-8.07	2.35	-1.48	-1.51	0.62
2002	6	-4.56	-4.64	1.76	-3.12	-3.14	1.65	-7.68	-7.79	2.39	-1.51	-1.49	0.62
2002	7	-4.80	-4.43	1.77	-3.14	-3.06	1.64	-7.95	-7.49	2.40	-1.44	-1.48	0.61
2002	8	-4.59	-4.23	1.75	-3.12	-2.97	1.65	-7.70	-7.20	2.39	-1.44	-1.46	0.61
2002	9	-4.94	-4.01	1.65	-3.11	-2.89	1.61	-8.04	-6.90	2.31	-1.45	-1.45	0.60
2002	10	-4.00	-3.79	1.55	-2.89	-2.81	1.58	-6.89	-6.60	2.23	-1.44	-1.43	0.60
2002	11	-3.57	-3.56	1.54	-2.80	-2.74	1.59	-6.38	-6.30	2.26	-1.43	-1.42	0.60
2002	12	-3.37	-3.34	1.53	-2.73	-2.68	1.58	-6.10	-6.02	2.27	-1.47	-1.40	0.60
2003	1	-2.93	-3.13	1.50	-2.38	-2.62	1.48	-5.31	-5.75	2.18	-1.32	-1.38	0.56
2003	2	-2.69	-2.92	1.51	-2.28	-2.57	1.46	-4.96	-5.49	2.15	-1.37	-1.35	0.56
2003	3	-2.32	-2.69	1.42	-2.28	-2.52	1.42	-4.60	-5.22	2.05	-1.40	-1.33	0.57
2003	4	-1.98	-2.47	1.42	-2.27	-2.50	1.39	-4.25	-4.97	2.04	-1.36	-1.31	0.57
2003	5	-1.61	-2.32	1.40	-2.41	-2.48	1.38	-4.01	-4.80	2.03	-1.31	-1.29	0.57
2003	6	-2.06	-2.26	1.42	-2.39	-2.47	1.36	-4.45	-4.74	2.04	-1.23	-1.26	0.57
2003	7	-2.28	-2.27	1.41	-2.46	-2.48	1.35	-4.74	-4.75	2.02	-1.15	-1.24	0.57
2003	8	-2.07	-2.33	1.45	-2.53	-2.49	1.34	-4.60	-4.82	2.05	-1.14	-1.20	0.57
2003	9	-1.92	-2.42	1.39	-2.67	-2.50	1.32	-4.59	-4.92	2.00	-1.18	-1.17	0.56
2003	10	-1.70	-2.51	1.37	-2.65	-2.51	1.31	-4.35	-5.03	2.00	-1.18	-1.13	0.56
2003	11	-2.34	-2.62	1.33	-2.65	-2.51	1.29	-5.00	-5.13	1.96	-1.18	-1.10	0.56
2003	12	-3.17	-2.73	1.25	-2.77	-2.50	1.27	-5.93	-5.23	1.87	-1.18	-1.07	0.57
2004	1	-3.29	-2.80	1.17	-2.47	-2.49	1.22	-5.76	-5.29	1.74	-0.98	-1.05	0.53
2004	2	-3.72	-2.84	1.03	-2.44	-2.47	1.21	-6.16	-5.32	1.65	-0.94	-1.02	0.53
2004	3	-3.48	-2.88	0.98	-2.43	-2.45	1.21	-5.91	-5.33	1.62	-0.95	-1.00	0.53
2004	4	-3.07	-2.94	0.94	-2.32	-2.42	1.17	-5.39	-5.36	1.59	-0.97	-0.98	0.53
2004	5	-3.05	-2.99	0.88	-2.31	-2.40	1.16	-5.36	-5.39	1.56	-0.95	-0.95	0.52
2004	6	-3.23	-3.00	0.86	-2.25	-2.38	1.15	-5.47	-5.38	1.53	-0.91	-0.93	0.53
2004	7	-2.82	-3.00	0.85	-2.27	-2.36	1.15	-5.08	-5.36	1.50	-0.86	-0.91	0.52
2004	8	-2.63	-2.99	0.85	-2.34	-2.35	1.13	-4.97	-5.34	1.50	-0.86	-0.90	0.52
2004	9	-2.28	-2.97	0.86	-2.33	-2.36	1.11	-4.61	-5.33	1.45	-0.88	-0.89	0.52
2004	10	-2.62	-2.95	0.88	-2.38	-2.37	1.10	-5.00	-5.33	1.47	-0.90	-0.87	0.53
2004	11	-2.68	-2.94	0.88	-2.36	-2.39	1.08	-5.04	-5.33	1.49	-0.92	-0.87	0.52
2004	12	-3.11	-2.92	0.84	-2.49	-2.40	1.07	-5.60	-5.32	1.48	-0.91	-0.86	0.52
2005	1	-3.24	-2.92	0.76	-2.34	-2.41	1.04	-5.58	-5.33	1.40	-0.80	-0.86	0.48
2005	2	-3.55	-2.91	0.72	-2.47	-2.41	1.04	-6.03	-5.32	1.36	-0.79	-0.85	0.49
2005	3	-3.27	-2.92	0.69	-2.53	-2.40	1.02	-5.81	-5.31	1.33	-0.81	-0.84	0.49
2005	4	-2.86	-2.90	0.69	-2.50	-2.38	1.01	-5.36	-5.28	1.31	-0.86	-0.84	0.49
2005	5	-2.86	-2.85	0.71	-2.51	-2.35	1.00	-5.37	-5.20	1.30	-0.87	-0.83	0.48
2005	6	-3.04	-2.77	0.72	-2.39	-2.33	0.98	-5.43	-5.10	1.26	-0.85	-0.81	0.48
2005	7	-2.86	-2.64	0.70	-2.31	-2.29	0.97	-5.17	-4.93	1.23	-0.80	-0.80	0.49
2005	8	-2.51	-2.49	0.65	-2.25	-2.22	0.97	-4.76	-4.72	1.17	-0.80	-0.78	0.49
2005	9	-2.45	-2.36	0.64	-2.17	-2.15	0.95	-4.62	-4.50	1.13	-0.79	-0.76	0.49
2005	10	-2.07	-2.23	0.64	-2.05	-2.06	0.93	-4.12	-4.29	1.13	-0.79	-0.74	0.48
2005	11	-2.08	-2.07	0.64	-2.12	-1.96	0.92	-4.20	-4.03	1.12	-0.79	-0.72	0.48
2005	12	-1.76	-1.89	0.63	-2.18	-1.85	0.73	-3.94	-3.74	0.98	-0.74	-0.70	0.42
2006	1	-1.42	-1.72	0.79	-1.61	-1.75	1.01	-3.03	-3.47	1.33	-0.61	-0.69	0.39
2006	2	-1.90	-1.59	0.75	-1.63	-1.67	0.99	-3.53	-3.26	1.26	-0.57	-0.68	0.39
2006	3	-1.68	-1.53	0.78	-1.54	-1.61	0.99	-3.22	-3.14	1.29	-0.55	-0.69	0.39
2006	4	-1.31	-1.52	0.75	-1.40	-1.57	0.98	-2.72	-3.10	1.35	-0.58	-0.69	0.39
2006	5	-0.75	-1.53	0.76	-1.14	-1.55	0.98	-1.89	-3.08	1.36	-0.61	-0.69	0.39
2006	6	-0.80	-1.55	0.73	-1.19	-1.53	0.98	-1.98	-3.08	1.35	-0.69	-0.70	0.40
2006	7	-0.83	-1.59	0.75	-1.18	-1.49	0.97	-2.01	-3.08	1.34	-0.71	-0.71	0.39
2006	8	-1.54	-1.62	0.73	-1.42	-1.46	0.97	-2.95	-3.08	1.30	-0.78	-0.73	0.38
2006	9	-2.02	-1.70	0.77	-1.56	-1.44	0.97	-3.58	-3.14	1.32	-0.82	-0.75	0.38
2006	10	-2.30	-1.84	0.77	-1.80	-1.44	0.96	-4.10	-3.28	1.33	-0.85	-0.78	0.37
2006	11	-2.00	-2.03	0.75	-1.91	-1.46	0.94	-3.90	-3.50	1.30	-0.85	-0.79	0.38
2006	12	-2.34	-2.25	0.74	-1.78	-1.49	0.94	-4.12	-3.74	1.27	-0.88	-0.80	0.39
2007	1	-1.74	-2.42	0.66	-1.14	-1.51	0.81	-2.88	-3.93	1.11	-0.81	-0.80	0.34
2007	2	-2.47	-2.53	0.66	-1.28	-1.52	0.81	-3.75	-4.05	1.15	-0.82	-0.79	0.35
2007	3	-2.99	-2.58	0.64	-1.39	-1.50	0.82	-4.38	-4.08	1.11	-0.83	-0.77	0.35
2007	4	-3.27	-2.58	0.63	-1.55	-1.45	0.81	-4.82	-4.02	1.10	-0.80	-0.75	0.35
2007	5	-3.45	-2.56	0.60	-1.59	-1.37	0.80	-5.04	-3.93	1.06	-0.79	-0.73	0.34
2007	6	-3.18	-2.56	0.59	-1.46	-1.30	0.80	-4.65	-3.86	1.05	-0.70	-0.70	0.34
2007	7	-2.61	-2.54	0.62	-1.41	-1.26	0.80	-4.02	-3.80	1.07	-0.65	-0.66	0.33
2007	8	-2.44	-2.49	0.65	-1.29	-1.23	0.79	-3.73	-3.72	1.09	-0.61	-0.62	0.33
2007	9	-2.27	-2.38	0.66	-1.18	-1.19	0.79	-3.45	-3.57	1.08	-0.58	-0.59	0.34
2007	10	-1.97	-2.23	0.64	-0.94	-1.13	0.78	-2.91	-3.36	1.03	-0.58	-0.55	0.35
2007	11	-2.07	-2.05	0.65	-0.94	-1.06	0.78	-3.01	-3.11	1.07	-0.53	-0.51	0.35
2007	12	-2.14	-1.86	0.66	-1.05	-0.99	0.78	-3.19	-2.85	1.08	-0.50	-0.48	0.35
2008	1	-1.60	-1.68	0.58	-0.85	-0.94	0.69	-2.45	-2.62	0.93	-0.34	-0.45	0.30
2008	2	-1.36	-1.53	0.55	-0.89	-0.89	0.69	-2.25	-2.43	0.92	-0.36	-0.43	0.30
2008	3	-1.42	-1.41	0.53	-0.80	-0.86	0.68	-2.22	-2.27	0.89	-0.37	-0.41	0.30
2008	4	-1.28	-1.34	0.56	-0.68	-0.86	0.68	-1.96	-2.20	0.91	-0.36	-0.39	0.30
2008	5	-1.15	-1.31	0.55	-0.77	-0.88	0.69	-1.93	-2.20	0.92	-0.34	-0.38	0.30
2008	6	-0.78	-1.29	0.52	-0.77	-0.91	0.70	-1.55	-2.20	0.92	-0.36	-0.36	0.30
2008	7	-0.82	-1.26	0.54	-0.82	-0.92	0.70	-1.63	-2.18	0.96	-0.39	-0.36	0.30
2008	8	-0.63	-1.22	0.54	-0.76	-0.92	0.71	-1.39	-2.14	0.96	-0.33	-0.35	0.30
2008	9	-1.07	-1.15	0.52	-0.96	-0.91	0.71	-2.03	-2.05	0.96	-0.34	-0.34	0.30
2008	10	-1.53	-1.05	0.53	-1.17	-0.90	0.70	-2.70	-1.96	0.97	-0.37	-0.34	0.30
2008	11	-1.87	-0.99	0.57	-1.23	-0.92	0.68	-3.09	-1.90	0.96	-0.38	-0.33	0.30
2008	12	-1.82	-0.97	0.58	-1.32	-0.94	0.67	-3.14	-1.90	0.92	-0.37	-0.33	0.30
2009	1	-1.27	-0.98	0.49	-0.88	-0.95	0.57	-2.15	-1.93	0.76	-0.28	-0.32	0.25
2009	2	-0.73	-1.00	0.51	-0.78	-0.96	0.58	-1.50	-1.96	0.80	-0.26	-0.32	0.25
2009	3	-0.26	-1.00	0.49	-0.68	-0.96	0.57	-0.93	-1.96	0.77	-0.28	-0.31	0.25
2009	4	-0.18	-0.95	0.53	-0.78	-0.94	0.57	-0.96	-1.89	0.81	-0.31	-0.31	0.25
2009	5	-0.60	-0.88	0.53	-1.01	-0.90	0.58	-1.61	-1.77	0.84	-0.29	-0.30	0.25
2009	6	-0.89	-0.80	0.52	-1.00	-0.84	0.58	-1.89	-1.65	0.83	-0.33	-0.30	0.25
2009	7	-0.97	-0.76	0.52	-0.85	-0.79	0.58	-1.82	-1.56	0.86	-0.30	-0.29	0.25
2009	8	-0.99	-0.78	0.55	-0.90	-0.76	0.58	-1.89	-1.54	0.88	-0.28	-0.28	0.24
2009	9	-0.76	-0.87	0.54	-0.86	-0.74	0.59	-1.61	-1.61	0.88	-0.27	-0.27	0.24
2009	10	-0.66	-0.97	0.54	-0.77	-0.73	0.60	-1.42	-1.70	0.85	-0.31	-0.26	0.24
2009	11	-0.90	-1.04	0.55	-0.65	-0.70	0.60	-1.55	-1.74	0.86	-0.31	-0.25	0.24
2009	12	-1.04	-1.07	0.54	-0.63	-0.67	0.59	-1.68	-1.74	0.82	-0.32	-0.24	0.24
2010	1	-1.12	-1.08	0.48	-0.37	-0.64	0.48	-1.49	-1.72	0.71	-0.14	-0.23	0.19
2010	2	-1.34	-1.08	0.47	-0.50	-0.62	0.47	-1.84	-1.71	0.70	-0.19	-0.22	0.19
2010	3	-1.64	-1.08	0.46	-0.52	-0.60	0.47	-2.16	-1.68	0.70	-0.18	-0.22	0.18
2010	4	-1.32	-1.08	0.46	-0.58	-0.58	0.47	-1.90	-1.65	0.68	-0.17	-0.21	0.18
2010	5	-1.14	-1.06	0.44	-0.57	-0.56	0.47	-1.71	-1.63	0.67	-0.15	-0.20	0.18
2010	6	-1.02	-1.04	0.41	-0.62	-0.56	0.47	-1.64	-1.60	0.67	-0.16	-0.19	0.18
2010	7	-1.09	-0.99	0.39	-0.67	-0.56	0.45	-1.76	-1.56	0.64	-0.23	-0.17	0.18
2010	8	-0.89	-0.93	0.40	-0.62	-0.56	0.43	-1.52	-1.49	0.62	-0.23	-0.15	0.18
2010	9	-0.85	-0.83	0.40	-0.57	-0.54	0.42	-1.42	-1.37	0.61	-0.21	-0.13	0.18
2010	10	-0.47	-0.71	0.43	-0.47	-0.50	0.41	-0.94	-1.22	0.63	-0.17	-0.11	0.18
2010	11	-0.77	-0.62	0.40	-0.57	-0.45	0.40	-1.34	-1.06	0.58	-0.18	-0.10	0.18
2010	12	-0.64	-0.53	0.42	-0.66	-0.38	0.40	-1.30	-0.92	0.57	-0.15	-0.08	0.18
2011	1	-0.36	-0.45	0.42	-0.46	-0.33	0.31	-0.82	-0.78	0.50	0.06	-0.06	0.13
2011	2	-0.46	-0.36	0.43	-0.38	-0.28	0.30	-0.84	-0.64	0.48	0.06	-0.04	0.12
2011	3	-0.16	-0.25	0.41	-0.18	-0.22	0.30	-0.33	-0.47	0.47	0.05	-0.02	0.12
2011	4	-0.04	-0.15	0.37	0.05	-0.17	0.29	0.00	-0.32	0.47	0.05	-0.00	0.12
2011	5	-0.10	-0.06	0.36	0.20	-0.12	0.30	0.09	-0.18	0.46	0.06	0.02	0.12
2011	6	-0.08	0.03	0.37	0.09	-0.06	0.31	0.01	-0.03	0.49	0.04	0.03	0.12
2011	7	-0.07	0.13	0.37	-0.05	0.02	0.32	-0.12	0.15	0.48	0.04	0.04	0.12
2011	8	0.26	0.26	0.37	0.05	0.10	0.32	0.31	0.36	0.48	0.02	0.05	0.12
2011	9	0.65	0.39	0.37	0.07	0.18	0.31	0.72	0.57	0.50	0.02	0.07	0.12
2011	10	0.40	0.49	0.38	0.06	0.24	0.30	0.47	0.73	0.52	0.03	0.08	0.13
2011	11	0.52	0.57	0.37	0.10	0.28	0.30	0.63	0.84	0.49	0.03	0.09	0.13
2011	12	0.27	0.62	0.36	0.16	0.31	0.30	0.43	0.92	0.49	0.00	0.10	0.13
2012	1	1.03	0.64	0.32	0.56	0.35	0.27	1.59	0.99	0.41	0.17	0.12	0.09
2012	2	1.28	0.64	0.35	0.66	0.40	0.26	1.94	1.04	0.44	0.19	0.14	0.09
2012	3	1.28	0.61	0.34	0.63	0.45	0.26	1.91	1.06	0.43	0.21	0.16	0.09
2012	4	0.96	0.60	0.32	0.61	0.50	0.26	1.58	1.10	0.41	0.21	0.18	0.09
2012	5	0.71	0.60	0.29	0.52	0.56	0.26	1.24	1.16	0.40	0.18	0.20	0.09
2012	6	0.26	0.63	0.28	0.52	0.61	0.26	0.78	1.24	0.37	0.22	0.22	0.09
2012	7	0.13	0.67	0.27	0.55	0.66	0.26	0.68	1.33	0.37	0.23	0.24	0.09
2012	8	0.05	0.70	0.29	0.60	0.71	0.24	0.65	1.41	0.36	0.25	0.26	0.10
2012	9	0.27	0.72	0.31	0.70	0.76	0.24	0.96	1.47	0.37	0.25	0.28	0.10
2012	10	0.47	0.73	0.31	0.76	0.79	0.24	1.23	1.52	0.36	0.28	0.30	0.10
2012	11	0.56	0.74	0.33	0.77	0.82	0.22	1.33	1.57	0.39	0.28	0.32	0.10
2012	12	0.91	0.78	0.31	0.75	0.85	0.23	1.66	1.63	0.36	0.24	0.34	0.10
2013	1	1.31	0.81	0.32	1.14	0.87	0.19	2.45	1.68	0.35	0.44	0.36	0.08
2013	2	1.68	0.85	0.34	1.27	0.90	0.20	2.95	1.75	0.36	0.44	0.38	0.08
2013	3	1.35	0.92	0.29	1.13	0.92	0.20	2.48	1.84	0.33	0.46	0.39	0.08
2013	4	1.07	1.02	0.30	1.00	0.95	0.19	2.07	1.97	0.32	0.46	0.41	0.08
2013	5	1.00	1.14	0.30	0.88	0.98	0.20	1.88	2.13	0.32	0.43	0.43	0.08
2013	6	0.78	1.27	0.26	0.82	1.03	0.21	1.61	2.29	0.29	0.45	0.44	0.08
2013	7	0.42	1.36	0.24	0.80	1.07	0.22	1.22	2.43	0.29	0.48	0.46	0.08
2013	8	0.74	1.42	0.26	0.91	1.10	0.23	1.65	2.52	0.34	0.44	0.47	0.07
2013	9	1.24	1.46	0.37	1.03	1.11	0.31	2.27	2.58	0.49	0.45	0.48	0.10
2013	10	1.82	1.51	0.38	1.08	1.14	0.31	2.90	2.65	0.48	0.46	0.49	0.09
2013	11	2.24	1.58	0.38	1.23	1.18	0.29	3.47	2.76	0.44	0.45	0.51	0.09
2013	12	2.19	1.69	0.35	1.29	1.23	0.28	3.48	2.92	0.40	0.45	0.52	0.08
2014	1	2.33	1.84	0.39	1.61	1.29	0.34	3.94	3.14	0.52	0.60	0.54	0.13
2014	2	2.05	1.97	0.41	1.46	1.35	0.33	3.51	3.32	0.56	0.58	0.56	0.13
2014	3	1.94	2.04	0.41	1.38	1.39	0.32	3.32	3.43	0.55	0.58	0.57	0.13
2014	4	1.74	2.04	0.45	1.36	1.42	0.32	3.10	3.46	0.59	0.60	0.59	0.13
2014	5	1.97	1.99	0.46	1.44	1.44	0.32	3.40	3.43	0.61	0.62	0.61	0.13
2014	6	2.41	1.93	0.47	1.55	1.46	0.32	3.96	3.39	0.59	0.67	0.63	0.12
2014	7	2.38	1.92	0.48	1.60	1.49	0.32	3.98	3.41	0.60	0.67	0.65	0.13
2014	8	1.97	1.99	0.44	1.47	1.53	0.31	3.44	3.52	0.55	0.65	0.68	0.13
2014	9	1.57	2.11	0.39	1.40	1.58	0.30	2.98	3.69	0.51	0.65	0.70	0.12
2014	10	1.44	2.25	0.40	1.44	1.63	0.30	2.88	3.88	0.52	0.67	0.73	0.12
2014	11	1.38	2.40	0.41	1.43	1.68	0.29	2.81	4.07	0.52	0.67	0.75	0.12
2014	12	1.64	2.50	0.42	1.51	1.72	0.28	3.16	4.22	0.52	0.69	0.77	0.11
2015	1	2.81	2.58	0.42	1.99	1.76	0.30	4.81	4.34	0.53	0.90	0.79	0.12
2015	2	3.24	2.68	0.41	2.07	1.80	0.31	5.30	4.48	0.53	0.94	0.81	0.13
2015	3	3.55	2.81	0.40	1.96	1.84	0.31	5.51	4.66	0.53	0.90	0.82	0.13
2015	4	3.60	2.94	0.36	1.98	1.88	0.30	5.58	4.82	0.49	0.90	0.84	0.13
2015	5	3.51	3.05	0.35	2.04	1.91	0.30	5.55	4.96	0.48	0.89	0.85	0.12
2015	6	3.29	3.17	0.36	2.05	1.93	0.30	5.34	5.10	0.47	0.86	0.86	0.12
2015	7	3.42	3.23	0.37	2.04	1.95	0.29	5.46	5.18	0.47	0.86	0.88	0.12
2015	8	3.46	3.21	0.29	1.95	1.96	0.30	5.41	5.17	0.41	0.87	0.89	0.12
2015	9	3.21	3.13	0.29	1.93	1.98	0.31	5.14	5.11	0.41	0.84	0.90	0.12
2015	10	2.76	3.04	0.31	1.80	1.99	0.30	4.56	5.03	0.42	0.84	0.91	0.11
2015	11	2.88	2.96	0.33	1.76	1.98	0.29	4.64	4.94	0.43	0.82	0.93	0.11
2015	12	2.95	2.90	0.32	1.73	1.96	0.28	4.68	4.86	0.41	0.82	0.95	0.11
2016	1	2.97	2.86	0.36	2.19	1.95	0.37	5.16	4.80	0.52	1.03	0.97	0.15
2016	2	2.51	2.80	0.36	2.23	1.94	0.35	4.74	4.74	0.51	1.06	0.99	0.15
2016	3	2.45	2.74	0.35	2.12	1.95	0.35	4.58	4.69	0.50	1.07	1.01	0.15
2016	4	2.63	2.70	0.33	1.99	1.98	0.34	4.62	4.68	0.47	1.09	1.03	0.15
2016	5	2.56	2.69	0.34	1.81	2.02	0.33	4.37	4.71	0.48	1.11	1.06	0.14
2016	6	2.80	2.69	0.34	1.86	2.07	0.33	4.65	4.77	0.48	1.10	1.09	0.14
2016	7	2.79	2.74	0.29	1.92	2.13	0.33	4.71	4.86	0.43	1.11	1.12	0.14
2016	8	2.75	2.84	0.26	2.01	2.18	0.32	4.76	5.01	0.39	1.08	1.14	0.14
2016	9	2.34	3.01	0.26	2.11	2.23	0.32	4.45	5.24	0.39	1.11	1.17	0.14
2016	10	2.71	3.22	0.29	2.25	2.29	0.32	4.95	5.50	0.42	1.14	1.19	0.13
2016	11	2.73	3.43	0.27	2.31	2.36	0.32	5.05	5.78	0.40	1.17	1.22	0.13
2016	12	3.24	3.60	0.25	2.42	2.44	0.31	5.66	6.03	0.40	1.16	1.25	0.13
2017	1	3.65	3.74	0.27	2.83	2.52	0.38	6.48	6.26	0.48	1.36	1.28	0.17
2017	2	4.23	3.89	0.26	2.75	2.59	0.38	6.97	6.47	0.47	1.38	1.31	0.16
2017	3	4.93	4.06	0.28	2.79	2.65	0.37	7.72	6.71	0.47	1.37	1.34	0.16
2017	4	5.17	4.26	0.30	2.76	2.71	0.37	7.94	6.97	0.47	1.40	1.37	0.16
2017	5	4.96	4.43	0.31	2.80	2.76	0.36	7.76	7.19	0.47	1.46	1.40	0.15
2017	6	4.48	4.57	0.29	2.80	2.79	0.36	7.28	7.36	0.44	1.47	1.43	0.15
2017	7	4.59	4.66	0.30	2.83	2.81	0.36	7.41	7.47	0.45	1.46	1.46	0.15
2017	8	4.43	4.73	0.29	2.79	2.81	0.34	7.22	7.55	0.44	1.46	1.49	0.14
2017	9	4.84	4.79	0.27	2.90	2.81	0.34	7.75	7.60	0.41	1.48	1.52	0.14
2017	10	4.94	4.81	0.27	2.92	2.80	0.32	7.86	7.61	0.39	1.51	1.54	0.13
2017	11	4.70	4.83	0.26	2.84	2.77	0.32	7.54	7.60	0.38	1.51	1.56	0.13
2017	12	4.49	4.85	0.25	2.65	2.73	0.31	7.14	7.59	0.38	1.54	1.57	0.12
2018	1	4.67	4.87	0.29	2.89	2.69	0.39	7.56	7.56	0.49	1.73	1.59	0.16
2018	2	4.99	4.89	0.27	2.87	2.64	0.38	7.86	7.53	0.49	1.72	1.60	0.16
2018	3	5.39	4.91	0.25	2.65	2.59	0.37	8.04	7.50	0.47	1.67	1.63	0.16
2018	4	5.30	4.91	0.27	2.50	2.55	0.36	7.79	7.46	0.48	1.63	1.65	0.16
2018	5	5.34	4.94	0.26	2.41	2.52	0.36	7.75	7.46	0.48	1.64	1.68	0.16
2018	6	4.69	5.00	0.26	2.32	2.51	0.36	7.01	7.50	0.48	1.60	1.71	0.15
2018	7	4.70	5.06	0.24	2.26	2.50	0.35	6.97	7.55	0.46	1.62	1.73	0.15
2018	8	4.87	5.12	0.28	2.20	2.49	0.33	7.07	7.61	0.44	1.74	1.76	0.15
2018	9	4.78	5.22	0.30	2.33	2.50	0.32	7.11	7.72	0.42	1.78	1.79	0.15
2018	10	5.13	5.34	0.32	2.44	2.55	0.32	7.57	7.89	0.44	1.84	1.83	0.15
2018	11	5.24	5.48	0.32	2.61	2.60	0.31	7.85	8.08	0.45	1.86	1.86	0.15
2018	12	5.21	5.62	0.33	2.53	2.65	0.31	7.74	8.28	0.43	1.82	1.90	0.15
2019	1	5.41	5.77	0.32	2.75	2.71	0.38	8.16	8.49	0.50	2.04	1.94	0.18
2019	2	5.85	5.91	0.31	2.83	2.78	0.38	8.68	8.69	0.51	2.06	1.97	0.17
2019	3	6.73	6.03	0.30	3.07	2.85	0.38	9.80	8.88	0.48	2.07	2.01	0.17
2019	4	7.01	6.13	0.31	3.14	2.90	0.37	10.15	9.04	0.49	2.03	2.04	0.16
2019	5	6.95	6.22	0.33	3.06	2.95	0.36	10.01	9.17	0.48	2.04	2.08	0.16
2019	6	6.45	6.33	0.33	2.97	3.00	0.35	9.42	9.32	0.46	2.09	2.12	0.16
2019	7	6.52	6.47	0.32	3.04	3.05	0.35	9.56	9.53	0.44	2.09	2.16	0.15
2019	8	6.32	6.63	0.32	3.08	3.11	0.35	9.40	9.74	0.43	2.13	2.19	0.15
2019	9	6.25	6.76	0.32	3.03	3.15	0.36	9.29	9.91	0.43	2.23	2.22	0.15
2019	10	6.19	6.84	0.32	3.04	3.17	0.35	9.23	10.01	0.44	2.27	2.25	0.15
2019	11	6.17	6.90	0.31	3.10	3.20	0.34	9.27	10.10	0.43	2.29	2.29	0.15
2019	12	6.86	6.95	0.30	3.16	3.24	0.33	10.02	10.19	0.42	2.31	2.32	0.14
2020	1	7.35	6.96	0.29	3.46	3.27	0.33	10.81	10.23	0.41	2.49	2.35	0.14
2020	2	7.73	6.94	0.29	3.49	3.29	0.32	11.22	10.23	0.39	2.46	2.38	0.13
2020	3	7.83	6.93	0.27	3.40	3.28	0.33	11.23	10.21	0.36	2.42	2.41	0.13
2020	4	7.80	6.93	0.28	3.33	3.28	0.35	11.13	10.22	0.39	2.42	2.44	0.12
2020	5	7.69	6.97	0.33	3.45	3.29	0.36	11.14	10.26	0.43	2.45	2.46	0.12
2020	6	6.92	6.98	0.35	3.55	3.30	0.35	10.47	10.28	0.45	2.45	2.48	0.11
2020	7	6.29	6.97	0.32	3.35	3.32	0.33	9.64	10.29	0.37	2.45	2.51	0.11
2020	8	6.06	6.98	0.28	3.06	3.34	0.31	9.12	10.32	0.32	2.51	2.53	0.11
2020	9	6.20	7.01	0.25	2.98	3.37	0.30	9.18	10.38	0.29	2.53	2.55	0.11
2020	10	6.43	7.03	0.30	3.12	3.41	0.30	9.54	10.44	0.33	2.59	2.57	0.11
2020	11	6.74	7.05	0.28	3.23	3.46	0.29	9.97	10.51	0.28	2.59	2.59	0.10
2020	12	6.53	7.13	0.26	3.33	3.51	0.26	9.85	10.64	0.23	2.58	2.62	0.10
2021	1	7.51	7.26	0.29	3.65	3.57	0.33	11.16	10.84	0.33	2.77	2.64	0.14
2021	2	7.90	7.42	0.28	3.80	3.65	0.33	11.71	11.07	0.36	2.73	2.66	0.13
2021	3	8.18	7.57	0.31	3.77	3.72	0.34	11.96	11.29	0.39	2.71	2.67	0.12
2021	4	7.93	7.69	0.29	3.94	3.78	0.32	11.87	11.47	0.37	2.66	2.69	0.12
2021	5	8.14	7.78	0.28	4.04	3.83	0.31	12.18	11.61	0.37	2.69	2.70	0.12
2021	6	8.29	7.87	0.24	4.23	3.87	0.31	12.52	11.73	0.32	2.71	2.71	0.11
2021	7	8.16	7.96	0.24	4.15	3.90	0.29	12.31	11.86	0.32	2.72	2.72	0.11
2021	8	8.03	8.05	0.26	3.99	3.93	0.28	12.01	11.98	0.34	2.70	2.73	0.10
2021	9	7.83	8.14	0.31	3.80	3.96	0.27	11.63	12.10	0.38	2.73	2.75	0.10
2021	10	7.66	8.24	0.31	3.72	3.99	0.26	11.38	12.22	0.38	2.75	2.76	0.10
2021	11	7.64	8.35	0.29	3.78	4.01	0.26	11.42	12.36	0.37	2.70	2.78	0.09
2021	12	7.79	8.45	0.25	3.71	4.03	0.27	11.50	12.47	0.33	2.70	2.80	0.09
2022	1	8.48	8.56	0.28	4.05	4.05	0.34	12.53	12.61	0.43	2.90	2.81	0.12
2022	2	9.12	8.69	0.26	4.15	4.07	0.33	13.27	12.77	0.39	2.89	2.82	0.12
2022	3	9.08	8.85	0.28	4.18	4.10	0.31	13.25	12.95	0.40	2.88	2.83	0.11
2022	4	9.34	9.05	0.27	4.19	4.13	0.32	13.53	13.17	0.39	2.89	2.83	0.11
2022	5	9.44	9.26	0.32	4.26	4.15	0.31	13.70	13.40	0.42	2.91	2.84	0.10
2022	6	9.33	9.45	0.33	4.45	4.16	0.30	13.78	13.61	0.41	2.89	2.85	0.10
2022	7	9.76	9.61	0.34	4.49	4.17	0.29	14.24	13.79	0.40	2.85	2.86	0.10
2022	8	9.71	9.74	0.38	4.22	4.19	0.27	13.93	13.93	0.42	2.79	2.88	0.09
2022	9	9.94	9.87	0.43	4.16	4.21	0.26	14.10	14.08	0.46	2.81	2.90	0.08
2022	10	10.24	10.05	0.43	4.09	4.22	0.27	14.33	14.26	0.46	2.80	2.91	0.08
2022	11	10.03	10.20	0.40	3.93	4.22	0.27	13.96	14.42	0.43	2.84	2.93	0.07
2022	12	9.97	10.35	0.35	3.83	4.21	0.27	13.80	14.56	0.42	2.86	2.95	0.07
2023	1	10.29	10.49	0.42	4.25	4.19	0.33	14.54	14.68	0.54	3.04	2.98	0.10
2023	2	10.31	10.62	0.43	4.35	4.16	0.32	14.66	14.78	0.54	3.07	3.01	0.10
2023	3	11.20	10.75	0.43	4.33	4.13	0.32	15.54	14.88	0.56	3.11	3.04	0.10
2023	4	11.33	10.86	0.41	4.28	4.12	0.32	15.61	14.98	0.55	3.13	3.06	0.10
2023	5	11.22	10.97	0.42	4.23	4.11	0.30	15.45	15.08	0.54	3.13	3.07	0.10
2023	6	11.10	11.07	0.45	4.29	4.11	0.30	15.39	15.17	0.56	3.15	3.08	0.10
2023	7	11.30	11.17	0.45	4.07	4.11	0.29	15.37	15.29	0.56	3.21	3.08	0.10
2023	8	11.31	11.33	0.46	3.92	4.11	0.27	15.23	15.44	0.54	3.17	3.08	0.11
2023	9	11.39	11.47	0.41	3.89	4.10	0.27	15.28	15.57	0.50	3.12	3.07	0.10
2023	10	11.55	11.58	0.42	3.93	4.10	0.27	15.48	15.68	0.52	3.01	3.06	0.11
2023	11	11.33	11.70	0.39	3.87	4.10	0.28	15.20	15.80	0.48	2.94	3.05	0.11
2023	12	10.97	11.83	0.40	3.90	4.12	0.28	14.87	15.95	0.51	2.93	3.04	0.11
2024	1	11.88	11.96	0.42	4.29	4.15	0.35	16.17	16.11	0.61	3.00	3.03	0.14
2024	2	12.43	12.07	0.36	4.26	4.18	0.35	16.68	16.25	0.54	2.99	3.02	0.14
2024	3	12.56	12.16	0.35	4.23	4.21	0.36	16.79	16.37	0.53	3.02	3.00	0.14
2024	4	12.62	12.21	0.34	4.30	4.23	0.34	16.92	16.44	0.50	3.02	2.99	0.14
2024	5	12.69	12.23	0.35	4.37	4.26	0.34	17.06	16.49	0.49	3.03	2.98	0.14
2024	6	12.79	12.26	0.38	4.58	4.30	0.34	17.37	16.56	0.50	3.01	2.98	0.14
2024	7	12.72	12.28	0.38	4.42	4.34	0.33	17.14	16.62	0.49	3.04	2.98	0.14
2024	8	12.54	12.28	0.37	4.31	4.37	0.35	16.85	16.65	0.49	2.99	2.98	0.14
2024	9	12.38	12.30	0.38	4.21	4.41	0.35	16.59	16.71	0.52	2.93	2.98	0.13
2024	10	11.73	12.37	0.33	4.20	4.46	0.35	15.93	16.83	0.50	2.91	2.98	0.13
2024	11	11.59	12.47	0.35	4.33	4.53	0.35	15.92	17.01	0.51	2.92	2.97	0.14
2024	12	11.42	12.59	0.37	4.41	4.60	0.34	15.83	17.19	0.52	2.91	2.97	0.14
2025	1	11.90	12.73	0.41	4.65	4.68	0.40	16.55	17.41	0.63	3.03	2.98	0.16
2025	2	12.45	12.89	0.40	4.60	4.79	0.40	17.05	17.68	0.64	3.02	2.99	0.16
2025	3	12.99	13.07	0.37	4.82	4.90	0.39	17.81	17.98	0.61	2.96	3.00	0.16
2025	4	13.82	13.28	0.38	5.03	5.01	0.37	18.85	18.29	0.60	2.93	3.02	0.16
2025	5	14.06	13.48	0.40	5.26	5.09	0.37	19.32	18.57	0.60	2.98	3.03	0.15
2025	6	14.25	13.64	0.57	5.37	5.16	0.47	19.62	18.79	0.83	3.01	3.05	0.15
2025	7	14.50	 NaN	0.46	5.65	 NaN	0.34	20.15	 NaN	0.63	3.23	 NaN	0.16
2025	8	14.65	 NaN	0.44	5.63	 NaN	0.31	20.28	 NaN	0.59	3.11	 NaN	0.17
2025	9	14.69	 NaN	0.44	5.55	 NaN	0.31	20.24	 NaN	0.57	3.13	 NaN	0.17
2025	10	14.46	 NaN	0.39	5.33	 NaN	0.30	19.80	 NaN	0.53	3.05	 NaN	0.17
2025	11	13.58	 NaN	0.41	5.22	 NaN	0.30	18.80	 NaN	0.55	3.11	 NaN	0.18
2025	12	13.14	 NaN	0.48	5.10	 NaN	0.34	18.24	 NaN	0.66	3.13	 NaN	0.18